Jax, 2.0, 1.0, 1.0, 0.0, 10.0, 9.0, 8.0, 0.0, 3.0, 34847.0, 53335.0, 4422.0, 0.0, 25.0, 7.0, 25220.0, 445.0, 26.0, 2.0, 3876.0
Kindred, 1.0, 0.0, 1.0, 0.0, 5.0, 5.0, 2.0, 0.0, 1.0, 12683.0, 24641.0, 8014.0, 0.0, 6.0, 4.0, 12324.0, 65.0, 123.0, 55.0, 1871.0
Kog'Maw, 1.0, 0.0, 1.0, 0.0, 6.0, 9.0, 9.0, 0.0, 1.0, 30227.0, 27646.0, 4482.0, 563.0, 13.0, 2.0, 12448.0, 207.0, 0.0, 0.0, 2169.0
Quinn, 1.0, 1.0, 0.0, 1.0, 9.0, 2.0, 8.0, 0.0, 1.0, 33388.0, 24942.0, 9795.0, 0.0, 19.0, 2.0, 15574.0, 94.0, 146.0, 0.0, 2163.0
Ekko, 6.0, 4.0, 2.0, 3.0, 42.0, 18.0, 31.0, 1.0, 10.0, 140300.0, 149210.0, 38857.0, 0.0, 79.0, 24.0, 84308.0, 1330.0, 72.0, 6.0, 12559.0
Swain, 1.0, 1.0, 0.0, 3.0, 4.0, 2.0, 9.0, 0.0, 1.0, 30272.0, 24762.0, 14224.0, 0.0, 17.0, 4.0, 15264.0, 299.0, 14.0, 0.0, 2193.0
Nami, 13.0, 8.0, 5.0, 1.0, 7.0, 45.0, 181.0, 0.0, 1.0, 88851.0, 203464.0, 195722.0, 0.0, 492.0, 166.0, 128483.0, 265.0, 7.0, 0.0, 27133.0
Varus, 20.0, 11.0, 9.0, 9.0, 89.0, 78.0, 163.0, 1.0, 20.0, 487443.0, 296904.0, 64047.0, 555.0, 256.0, 63.0, 265516.0, 4557.0, 239.0, 1.0, 41682.0
Fiora, 4.0, 0.0, 4.0, 5.0, 5.0, 20.0, 9.0, 0.0, 1.0, 37323.0, 77670.0, 12697.0, 592.0, 39.0, 8.0, 33429.0, 714.0, 98.0, 0.0, 6240.0
Taric, 2.0, 1.0, 1.0, 0.0, 3.0, 9.0, 23.0, 0.0, 1.0, 10061.0, 43526.0, 22037.0, 0.0, 51.0, 22.0, 18511.0, 102.0, 1.0, 1.0, 3708.0
Singed, 1.0, 0.0, 1.0, 0.0, 0.0, 3.0, 4.0, 0.0, 0.0, 7983.0, 24397.0, 2632.0, 0.0, 12.0, 0.0, 9687.0, 209.0, 0.0, 0.0, 1725.0
Syndra, 10.0, 7.0, 3.0, 13.0, 64.0, 38.0, 68.0, 0.0, 17.0, 229012.0, 147394.0, 18288.0, 0.0, 118.0, 24.0, 128546.0, 2184.0, 80.0, 0.0, 18533.0
Thresh, 4.0, 0.0, 4.0, 2.0, 2.0, 21.0, 20.0, 0.0, 0.0, 17829.0, 61096.0, 3932.0, 0.0, 89.0, 20.0, 22916.0, 125.0, 2.0, 0.0, 5814.0
Karma, 30.0, 10.0, 20.0, 3.0, 34.0, 120.0, 315.0, 0.0, 7.0, 299320.0, 450544.0, 121398.0, 0.0, 981.0, 249.0, 282262.0, 1194.0, 27.0, 0.0, 59707.0
Braum, 4.0, 3.0, 1.0, 0.0, 2.0, 10.0, 52.0, 0.0, 0.0, 23721.0, 63555.0, 12380.0, 0.0, 124.0, 36.0, 33791.0, 150.0, 0.0, 0.0, 7032.0
Jhin, 23.0, 10.0, 13.0, 6.0, 118.0, 80.0, 171.0, 4.0, 25.0, 417222.0, 288154.0, 54934.0, 2077.0, 271.0, 61.0, 270708.0, 4386.0, 209.0, 0.0, 43599.0
Corki, 16.0, 10.0, 6.0, 6.0, 113.0, 51.0, 105.0, 1.0, 23.0, 441260.0, 312312.0, 40457.0, 895.0, 222.0, 89.0, 233668.0, 3792.0, 290.0, 0.0, 34133.0
Nautilus, 15.0, 4.0, 11.0, 1.0, 35.0, 67.0, 109.0, 0.0, 7.0, 202728.0, 383616.0, 30312.0, 0.0, 195.0, 41.0, 159463.0, 2904.0, 98.0, 1.0, 29091.0
Rumble, 3.0, 1.0, 2.0, 0.0, 11.0, 19.0, 30.0, 0.0, 2.0, 61748.0, 83037.0, 11906.0, 0.0, 34.0, 8.0, 35278.0, 406.0, 122.0, 50.0, 5995.0
Ahri, 12.0, 4.0, 8.0, 3.0, 70.0, 55.0, 67.0, 3.0, 18.0, 245226.0, 229388.0, 43787.0, 0.0, 173.0, 43.0, 150684.0, 2756.0, 58.0, 0.0, 23316.0
Rek'Sai, 8.0, 5.0, 3.0, 1.0, 20.0, 25.0, 88.0, 0.0, 6.0, 103382.0, 340103.0, 153749.0, 0.0, 138.0, 68.0, 104557.0, 507.0, 1340.0, 74.0, 17225.0
Jayce, 7.0, 4.0, 3.0, 9.0, 37.0, 24.0, 34.0, 1.0, 10.0, 168269.0, 141522.0, 24548.0, 0.0, 102.0, 32.0, 96013.0, 1785.0, 67.0, 2.0, 14559.0
Darius, 0.0, 0.0, 0.0, 4.0, 0.0, 0.0, 0.0, 0.0, 0.0, 0.0, 0.0, 0.0, 0.0, 0.0, 0.0, 0.0, 0.0, 0.0, 0.0, 0.0
Sivir, 6.0, 2.0, 4.0, 0.0, 18.0, 27.0, 41.0, 0.0, 5.0, 124178.0, 124942.0, 20812.0, 1488.0, 94.0, 29.0, 87090.0, 1779.0, 76.0, 9.0, 13821.0
Kassadin, 3.0, 2.0, 1.0, 0.0, 21.0, 11.0, 19.0, 0.0, 5.0, 81438.0, 78518.0, 19039.0, 0.0, 43.0, 12.0, 43393.0, 744.0, 19.0, 4.0, 6377.0
Janna, 2.0, 2.0, 0.0, 1.0, 5.0, 7.0, 47.0, 0.0, 1.0, 7967.0, 29343.0, 34186.0, 0.0, 59.0, 14.0, 20248.0, 32.0, 0.0, 0.0, 3640.0
Elise, 6.0, 4.0, 2.0, 5.0, 44.0, 28.0, 58.0, 1.0, 10.0, 90317.0, 147866.0, 54845.0, 0.0, 55.0, 24.0, 76555.0, 223.0, 807.0, 0.0, 11039.0
Graves, 19.0, 12.0, 7.0, 25.0, 118.0, 82.0, 131.0, 2.0, 28.0, 342371.0, 422463.0, 129910.0, 562.0, 176.0, 115.0, 236666.0, 1331.0, 2729.0, 0.0, 34998.0
Soraka, 2.0, 1.0, 1.0, 0.0, 2.0, 7.0, 25.0, 0.0, 1.0, 8892.0, 28344.0, 58538.0, 0.0, 50.0, 15.0, 17970.0, 35.0, 0.0, 0.0, 3605.0
null, 1.0, 1.0, 0.0, 0.0, 0.0, 5.0, 16.0, 0.0, 0.0, 13962.0, 45764.0, 21564.0, 483.0, 36.0, 8.0, 14362.0, 20.0, 152.0, 55.0, 2475.0
LeBlanc, 4.0, 3.0, 1.0, 16.0, 35.0, 19.0, 37.0, 1.0, 9.0, 97047.0, 76172.0, 17732.0, 1014.0, 42.0, 6.0, 55019.0, 704.0, 22.0, 0.0, 8049.0
Vladimir, 5.0, 4.0, 1.0, 16.0, 44.0, 20.0, 39.0, 0.0, 9.0, 148118.0, 162848.0, 132844.0, 767.0, 67.0, 9.0, 67888.0, 1051.0, 15.0, 0.0, 9958.0
Aurelion Sol, 1.0, 0.0, 1.0, 3.0, 10.0, 4.0, 5.0, 0.0, 3.0, 22193.0, 25218.0, 5448.0, 0.0, 16.0, 6.0, 14738.0, 231.0, 19.0, 0.0, 2223.0
Zilean, 0.0, 0.0, 0.0, 1.0, 0.0, 0.0, 0.0, 0.0, 0.0, 0.0, 0.0, 0.0, 0.0, 0.0, 0.0, 0.0, 0.0, 0.0, 0.0, 0.0
Katarina, 3.0, 2.0, 1.0, 7.0, 23.0, 8.0, 15.0, 1.0, 6.0, 69483.0, 53962.0, 14873.0, 0.0, 45.0, 21.0, 40249.0, 598.0, 36.0, 0.0, 6434.0
Renekton, 5.0, 2.0, 3.0, 0.0, 20.0, 23.0, 16.0, 0.0, 5.0, 76225.0, 141904.0, 30571.0, 0.0, 71.0, 16.0, 59475.0, 1106.0, 95.0, 1.0, 9294.0
Tahm Kench, 4.0, 2.0, 2.0, 1.0, 14.0, 12.0, 28.0, 1.0, 3.0, 45002.0, 132031.0, 43665.0, 0.0, 154.0, 28.0, 46811.0, 326.0, 4.0, 0.0, 9201.0
Hecarim, 2.0, 1.0, 1.0, 2.0, 5.0, 10.0, 17.0, 0.0, 1.0, 26322.0, 72757.0, 24324.0, 170.0, 12.0, 11.0, 20477.0, 80.0, 263.0, 0.0, 3709.0
Warwick, 3.0, 2.0, 1.0, 0.0, 18.0, 13.0, 19.0, 0.0, 3.0, 45217.0, 106216.0, 52510.0, 0.0, 26.0, 15.0, 34192.0, 128.0, 376.0, 25.0, 5296.0
Ziggs, 5.0, 0.0, 5.0, 0.0, 18.0, 13.0, 10.0, 0.0, 4.0, 87758.0, 57874.0, 9266.0, 0.0, 58.0, 10.0, 55127.0, 1120.0, 64.0, 0.0, 9682.0
Fizz, 1.0, 1.0, 0.0, 0.0, 9.0, 0.0, 6.0, 0.0, 1.0, 19603.0, 15479.0, 3875.0, 531.0, 12.0, 5.0, 13690.0, 211.0, 1.0, 1.0, 1997.0
Kled, 4.0, 3.0, 1.0, 0.0, 28.0, 12.0, 32.0, 0.0, 7.0, 78515.0, 128653.0, 8418.0, 0.0, 51.0, 8.0, 54501.0, 853.0, 114.0, 29.0, 7737.0
Olaf, 7.0, 0.0, 7.0, 0.0, 37.0, 44.0, 42.0, 2.0, 9.0, 144438.0, 319010.0, 71114.0, 0.0, 74.0, 55.0, 94545.0, 1066.0, 629.0, 58.0, 16215.0
Maokai, 25.0, 16.0, 9.0, 2.0, 77.0, 98.0, 240.0, 2.0, 21.0, 421725.0, 859917.0, 266735.0, 174.0, 284.0, 63.0, 303127.0, 5338.0, 179.0, 0.0, 49467.0
Rengar, 21.0, 11.0, 10.0, 22.0, 94.0, 78.0, 113.0, 6.0, 26.0, 269992.0, 681635.0, 295461.0, 669.0, 268.0, 144.0, 252682.0, 798.0, 3639.0, 72.0, 42078.0
Bard, 8.0, 5.0, 3.0, 2.0, 8.0, 20.0, 103.0, 0.0, 2.0, 53102.0, 117004.0, 73223.0, 87.0, 254.0, 89.0, 75632.0, 145.0, 4.0, 0.0, 16106.0
Galio, 2.0, 1.0, 1.0, 6.0, 16.0, 10.0, 11.0, 0.0, 5.0, 45925.0, 46563.0, 5997.0, 0.0, 21.0, 5.0, 25134.0, 421.0, 3.0, 0.0, 3702.0
Ivern, 5.0, 2.0, 3.0, 13.0, 11.0, 23.0, 53.0, 1.0, 3.0, 51077.0, 127052.0, 67016.0, 51.0, 84.0, 35.0, 65440.0, 147.0, 452.0, 12.0, 12803.0
Ashe, 22.0, 13.0, 9.0, 1.0, 94.0, 96.0, 169.0, 2.0, 20.0, 438208.0, 370295.0, 68799.0, 925.0, 263.0, 97.0, 275854.0, 4677.0, 347.0, 5.0, 42865.0
Akali, 0.0, 0.0, 0.0, 1.0, 0.0, 0.0, 0.0, 0.0, 0.0, 0.0, 0.0, 0.0, 0.0, 0.0, 0.0, 0.0, 0.0, 0.0, 0.0, 0.0
Kha'Zix, 12.0, 6.0, 6.0, 33.0, 73.0, 60.0, 63.0, 3.0, 13.0, 171412.0, 342504.0, 136246.0, 153.0, 166.0, 56.0, 135103.0, 387.0, 1482.0, 89.0, 22565.0
Talon, 2.0, 2.0, 0.0, 0.0, 24.0, 9.0, 9.0, 0.0, 5.0, 54599.0, 50449.0, 12096.0, 955.0, 17.0, 13.0, 33462.0, 441.0, 20.0, 8.0, 4575.0
Vi, 1.0, 0.0, 1.0, 0.0, 0.0, 9.0, 2.0, 0.0, 0.0, 5268.0, 18856.0, 3016.0, 0.0, 7.0, 5.0, 6840.0, 30.0, 58.0, 1.0, 1519.0
Gangplank, 3.0, 0.0, 3.0, 5.0, 16.0, 15.0, 12.0, 0.0, 3.0, 72991.0, 72748.0, 21243.0, 1757.0, 33.0, 5.0, 41367.0, 757.0, 94.0, 0.0, 5637.0
Lee Sin, 8.0, 2.0, 6.0, 6.0, 30.0, 37.0, 61.0, 0.0, 6.0, 95807.0, 261865.0, 60594.0, 0.0, 210.0, 50.0, 92224.0, 299.0, 1039.0, 0.0, 17228.0
Lulu, 20.0, 5.0, 15.0, 8.0, 23.0, 79.0, 202.0, 0.0, 3.0, 132715.0, 296255.0, 51183.0, 0.0, 609.0, 155.0, 178865.0, 744.0, 3.0, 0.0, 38764.0
Gnar, 5.0, 2.0, 3.0, 0.0, 22.0, 25.0, 31.0, 1.0, 5.0, 110886.0, 179759.0, 12907.0, 510.0, 65.0, 15.0, 60961.0, 1029.0, 96.0, 0.0, 10282.0
Ezreal, 15.0, 9.0, 6.0, 3.0, 75.0, 47.0, 111.0, 2.0, 19.0, 374133.0, 285022.0, 46868.0, 0.0, 156.0, 41.0, 198118.0, 3375.0, 202.0, 0.0, 30296.0
Teemo, 0.0, 0.0, 0.0, 1.0, 0.0, 0.0, 0.0, 0.0, 0.0, 0.0, 0.0, 0.0, 0.0, 0.0, 0.0, 0.0, 0.0, 0.0, 0.0, 0.0
Twisted Fate, 2.0, 0.0, 2.0, 0.0, 4.0, 12.0, 10.0, 0.0, 0.0, 33386.0, 43114.0, 5714.0, 0.0, 22.0, 1.0, 20210.0, 356.0, 5.0, 0.0, 3608.0
Azir, 2.0, 2.0, 0.0, 0.0, 8.0, 4.0, 11.0, 0.0, 2.0, 25836.0, 28402.0, 6691.0, 0.0, 17.0, 4.0, 24945.0, 452.0, 47.0, 13.0, 3383.0
Nocturne, 1.0, 1.0, 0.0, 0.0, 8.0, 2.0, 8.0, 0.0, 1.0, 18125.0, 19348.0, 9077.0, 0.0, 10.0, 3.0, 12278.0, 43.0, 107.0, 39.0, 1586.0
Aatrox, 1.0, 1.0, 0.0, 2.0, 3.0, 7.0, 10.0, 0.0, 1.0, 24602.0, 39351.0, 15352.0, 0.0, 16.0, 1.0, 14284.0, 250.0, 22.0, 0.0, 2038.0
Poppy, 8.0, 5.0, 3.0, 3.0, 28.0, 28.0, 77.0, 1.0, 6.0, 151831.0, 225535.0, 20816.0, 0.0, 122.0, 28.0, 99896.0, 1534.0, 57.0, 1.0, 16643.0
Taliyah, 3.0, 2.0, 1.0, 0.0, 14.0, 8.0, 23.0, 0.0, 3.0, 61654.0, 41461.0, 9060.0, 0.0, 38.0, 8.0, 34104.0, 588.0, 7.0, 0.0, 5240.0
Zyra, 7.0, 5.0, 2.0, 11.0, 7.0, 26.0, 59.0, 0.0, 0.0, 125448.0, 93387.0, 17972.0, 0.0, 246.0, 79.0, 72702.0, 272.0, 4.0, 0.0, 14245.0
Illaoi, 5.0, 2.0, 3.0, 1.0, 27.0, 27.0, 6.0, 1.0, 8.0, 167576.0, 160729.0, 44598.0, 0.0, 64.0, 7.0, 70795.0, 1418.0, 59.0, 0.0, 9633.0
Miss Fortune, 9.0, 4.0, 5.0, 0.0, 29.0, 46.0, 73.0, 3.0, 6.0, 144638.0, 148392.0, 16722.0, 732.0, 217.0, 66.0, 96623.0, 925.0, 32.0, 1.0, 16777.0
Viktor, 5.0, 0.0, 5.0, 0.0, 28.0, 27.0, 18.0, 1.0, 6.0, 127331.0, 90396.0, 10074.0, 0.0, 76.0, 8.0, 60610.0, 1180.0, 31.0, 0.0, 9787.0
Cassiopeia, 3.0, 0.0, 3.0, 0.0, 9.0, 17.0, 8.0, 0.0, 2.0, 40410.0, 49367.0, 8705.0, 0.0, 33.0, 4.0, 26923.0, 531.0, 15.0, 0.0, 4860.0
Twitch, 1.0, 0.0, 1.0, 0.0, 10.0, 7.0, 8.0, 1.0, 2.0, 31284.0, 25073.0, 5601.0, 918.0, 11.0, 7.0, 15407.0, 259.0, 15.0, 1.0, 2057.0
Orianna, 13.0, 6.0, 7.0, 1.0, 51.0, 61.0, 94.0, 2.0, 13.0, 274933.0, 238267.0, 32240.0, 0.0, 161.0, 44.0, 170444.0, 3076.0, 120.0, 5.0, 27682.0
Evelynn, 1.0, 1.0, 0.0, 8.0, 3.0, 1.0, 11.0, 0.0, 1.0, 17541.0, 30884.0, 12268.0, 0.0, 18.0, 1.0, 14955.0, 76.0, 212.0, 0.0, 2169.0
Lux, 1.0, 1.0, 0.0, 2.0, 7.0, 4.0, 7.0, 0.0, 2.0, 28511.0, 14230.0, 2869.0, 0.0, 12.0, 10.0, 13882.0, 209.0, 23.0, 0.0, 2163.0
Alistar, 0.0, 0.0, 0.0, 1.0, 0.0, 0.0, 0.0, 0.0, 0.0, 0.0, 0.0, 0.0, 0.0, 0.0, 0.0, 0.0, 0.0, 0.0, 0.0, 0.0
Sion, 1.0, 1.0, 0.0, 0.0, 5.0, 3.0, 10.0, 0.0, 1.0, 11510.0, 19294.0, 7813.0, 0.0, 10.0, 0.0, 10500.0, 165.0, 1.0, 1.0, 1524.0
Camille, 5.0, 3.0, 2.0, 22.0, 22.0, 19.0, 33.0, 1.0, 8.0, 72443.0, 135614.0, 28694.0, 0.0, 90.0, 29.0, 63119.0, 838.0, 128.0, 0.0, 10423.0
Lucian, 7.0, 6.0, 1.0, 0.0, 55.0, 30.0, 66.0, 3.0, 15.0, 172206.0, 176680.0, 29908.0, 1046.0, 88.0, 40.0, 108136.0, 1718.0, 243.0, 26.0, 14289.0
Sejuani, 3.0, 2.0, 1.0, 0.0, 9.0, 10.0, 44.0, 0.0, 1.0, 37851.0, 138425.0, 34415.0, 0.0, 58.0, 29.0, 38802.0, 168.0, 419.0, 41.0, 6582.0
Ryze, 9.0, 4.0, 5.0, 6.0, 44.0, 46.0, 45.0, 0.0, 10.0, 169437.0, 178450.0, 31210.0, 1696.0, 111.0, 18.0, 106885.0, 1835.0, 140.0, 0.0, 16996.0
Malphite, 1.0, 0.0, 1.0, 0.0, 7.0, 6.0, 2.0, 0.0, 2.0, 27423.0, 31061.0, 3499.0, 0.0, 10.0, 3.0, 12056.0, 217.0, 2.0, 2.0, 2038.0
Zed, 5.0, 3.0, 2.0, 5.0, 42.0, 20.0, 13.0, 1.0, 9.0, 91988.0, 91447.0, 10660.0, 0.0, 52.0, 17.0, 64338.0, 1036.0, 20.0, 0.0, 9664.0
Anivia, 1.0, 0.0, 1.0, 0.0, 4.0, 4.0, 2.0, 0.0, 1.0, 16268.0, 15962.0, 5550.0, 816.0, 10.0, 2.0, 10450.0, 229.0, 2.0, 0.0, 1743.0
Shen, 14.0, 10.0, 4.0, 13.0, 38.0, 36.0, 127.0, 1.0, 7.0, 231274.0, 415813.0, 58032.0, 156.0, 192.0, 42.0, 186300.0, 3500.0, 148.0, 0.0, 29605.0
Blitzcrank, 1.0, 0.0, 1.0, 0.0, 1.0, 9.0, 13.0, 0.0, 0.0, 12542.0, 36514.0, 11457.0, 0.0, 38.0, 7.0, 8851.0, 45.0, 0.0, 0.0, 2057.0
Malzahar, 18.0, 14.0, 4.0, 14.0, 45.0, 84.0, 176.0, 2.0, 9.0, 242990.0, 282744.0, 26934.0, 0.0, 676.0, 213.0, 199582.0, 740.0, 22.0, 0.0, 38488.0
Zac, 9.0, 2.0, 7.0, 1.0, 32.0, 43.0, 61.0, 1.0, 8.0, 87410.0, 308498.0, 207049.0, 0.0, 90.0, 30.0, 84725.0, 418.0, 670.0, 28.0, 16663.0
Caitlyn, 15.0, 6.0, 9.0, 1.0, 53.0, 69.0, 78.0, 2.0, 11.0, 269400.0, 252936.0, 57844.0, 2266.0, 148.0, 56.0, 182482.0, 3373.0, 195.0, 1.0, 28886.0
Trundle, 1.0, 1.0, 0.0, 0.0, 3.0, 6.0, 10.0, 0.0, 1.0, 25705.0, 86032.0, 34716.0, 0.0, 21.0, 3.0, 18180.0, 321.0, 2.0, 2.0, 3141.0
