Jax, 2.0, 1.0, 1.0, 0.0, 7.0, 9.0, 10.0, 0.0, 2.0, 24762.0, 53063.0, 10719.0, 204.0, 30.0, 3.0, 25373.0, 266.0, 194.0, 29.0, 4318.0
Wukong, 2.0, 1.0, 1.0, 0.0, 12.0, 11.0, 28.0, 1.0, 5.0, 41794.0, 74035.0, 27142.0, 342.0, 40.0, 14.0, 34282.0, 153.0, 281.0, 71.0, 6173.0
Sona, 4.0, 0.0, 4.0, 0.0, 5.0, 25.0, 19.0, 0.0, 1.0, 29764.0, 63610.0, 25967.0, 0.0, 62.0, 6.0, 30654.0, 43.0, 0.0, 0.0, 7717.0
Varus, 17.0, 9.0, 8.0, 8.0, 83.0, 41.0, 93.0, 2.0, 20.0, 312426.0, 180151.0, 41749.0, 785.0, 155.0, 32.0, 207716.0, 3614.0, 83.0, 2.0, 34321.0
Fiora, 6.0, 4.0, 2.0, 15.0, 38.0, 19.0, 23.0, 1.0, 7.0, 86748.0, 146667.0, 39263.0, 1035.0, 85.0, 13.0, 78312.0, 1344.0, 42.0, 0.0, 12067.0
Thresh, 22.0, 12.0, 10.0, 11.0, 18.0, 65.0, 236.0, 0.0, 3.0, 108762.0, 297027.0, 69216.0, 0.0, 438.0, 113.0, 186462.0, 577.0, 10.0, 1.0, 42694.0
Karma, 15.0, 7.0, 8.0, 3.0, 12.0, 47.0, 143.0, 0.0, 3.0, 126405.0, 199923.0, 54263.0, 0.0, 362.0, 99.0, 135008.0, 340.0, 6.0, 0.0, 30104.0
Jhin, 28.0, 13.0, 15.0, 7.0, 149.0, 78.0, 186.0, 5.0, 26.0, 520489.0, 332738.0, 73583.0, 2301.0, 304.0, 62.0, 342981.0, 5401.0, 272.0, 0.0, 58906.0
Rumble, 3.0, 2.0, 1.0, 0.0, 14.0, 12.0, 25.0, 1.0, 4.0, 55223.0, 51927.0, 6204.0, 0.0, 33.0, 11.0, 32117.0, 538.0, 26.0, 0.0, 5209.0
Sivir, 8.0, 6.0, 2.0, 0.0, 33.0, 21.0, 78.0, 0.0, 6.0, 131680.0, 115721.0, 20864.0, 891.0, 95.0, 30.0, 109458.0, 1898.0, 93.0, 8.0, 17405.0
Dr. Mundo, 1.0, 0.0, 1.0, 0.0, 1.0, 3.0, 3.0, 0.0, 0.0, 8956.0, 25128.0, 8534.0, 0.0, 17.0, 2.0, 11556.0, 273.0, 6.0, 0.0, 2016.0
Draven, 3.0, 2.0, 1.0, 3.0, 22.0, 12.0, 12.0, 0.0, 4.0, 66853.0, 51073.0, 4618.0, 1169.0, 30.0, 5.0, 46338.0, 746.0, 36.0, 13.0, 5626.0
Renekton, 9.0, 5.0, 4.0, 3.0, 46.0, 37.0, 63.0, 3.0, 14.0, 177184.0, 346398.0, 75031.0, 0.0, 161.0, 43.0, 134386.0, 2501.0, 74.0, 1.0, 21282.0
Tahm Kench, 11.0, 8.0, 3.0, 13.0, 35.0, 29.0, 109.0, 1.0, 8.0, 105934.0, 236837.0, 76088.0, 0.0, 212.0, 52.0, 117100.0, 1204.0, 44.0, 9.0, 21990.0
Hecarim, 18.0, 11.0, 7.0, 22.0, 75.0, 61.0, 130.0, 4.0, 18.0, 191684.0, 609963.0, 243358.0, 505.0, 172.0, 74.0, 211480.0, 844.0, 2401.0, 0.0, 36332.0
Fizz, 2.0, 2.0, 0.0, 2.0, 8.0, 5.0, 21.0, 0.0, 2.0, 31502.0, 30464.0, 4330.0, 633.0, 27.0, 1.0, 22974.0, 288.0, 11.0, 1.0, 3879.0
Maokai, 16.0, 6.0, 10.0, 7.0, 37.0, 65.0, 139.0, 1.0, 7.0, 189130.0, 425324.0, 111957.0, 0.0, 215.0, 40.0, 170208.0, 2395.0, 46.0, 0.0, 33048.0
Lissandra, 4.0, 2.0, 2.0, 1.0, 12.0, 13.0, 33.0, 0.0, 4.0, 76169.0, 76362.0, 21090.0, 0.0, 52.0, 10.0, 51464.0, 981.0, 13.0, 0.0, 8699.0
Jinx, 3.0, 1.0, 2.0, 2.0, 8.0, 18.0, 17.0, 0.0, 1.0, 51623.0, 61351.0, 13168.0, 974.0, 39.0, 4.0, 37209.0, 657.0, 22.0, 0.0, 6922.0
Urgot, 1.0, 1.0, 0.0, 1.0, 13.0, 5.0, 13.0, 0.0, 5.0, 25984.0, 22762.0, 3797.0, 0.0, 9.0, 1.0, 15191.0, 176.0, 5.0, 0.0, 2030.0
Galio, 4.0, 4.0, 0.0, 1.0, 11.0, 5.0, 44.0, 0.0, 3.0, 61970.0, 60114.0, 16056.0, 0.0, 45.0, 7.0, 46237.0, 763.0, 20.0, 2.0, 7203.0
Fiddlesticks, 1.0, 1.0, 0.0, 0.0, 1.0, 8.0, 8.0, 0.0, 0.0, 19860.0, 33358.0, 18968.0, 0.0, 4.0, 6.0, 10861.0, 23.0, 84.0, 35.0, 2030.0
Kha'Zix, 13.0, 6.0, 7.0, 13.0, 50.0, 54.0, 78.0, 1.0, 10.0, 127918.0, 344780.0, 147038.0, 190.0, 136.0, 47.0, 142372.0, 494.0, 1516.0, 0.0, 26204.0
Talon, 1.0, 0.0, 1.0, 2.0, 2.0, 9.0, 0.0, 1.0, 0.0, 13851.0, 22633.0, 707.0, 493.0, 18.0, 1.0, 9674.0, 197.0, 0.0, 0.0, 2021.0
Gangplank, 2.0, 2.0, 0.0, 5.0, 18.0, 4.0, 26.0, 2.0, 5.0, 69886.0, 32136.0, 8572.0, 1656.0, 39.0, 4.0, 39777.0, 715.0, 51.0, 0.0, 4463.0
Gnar, 3.0, 0.0, 3.0, 1.0, 7.0, 15.0, 13.0, 0.0, 1.0, 43462.0, 69245.0, 5110.0, 273.0, 42.0, 6.0, 29572.0, 536.0, 44.0, 0.0, 6019.0
Ezreal, 15.0, 9.0, 6.0, 1.0, 71.0, 42.0, 101.0, 1.0, 17.0, 315686.0, 229197.0, 41115.0, 1149.0, 165.0, 41.0, 195137.0, 3368.0, 185.0, 22.0, 31612.0
Teemo, 1.0, 1.0, 0.0, 1.0, 4.0, 4.0, 1.0, 0.0, 1.0, 30145.0, 18447.0, 1555.0, 431.0, 11.0, 2.0, 12516.0, 238.0, 0.0, 0.0, 1720.0
Vel'Koz, 1.0, 0.0, 1.0, 1.0, 8.0, 7.0, 8.0, 0.0, 2.0, 41377.0, 22710.0, 2849.0, 0.0, 17.0, 5.0, 16523.0, 269.0, 4.0, 0.0, 2770.0
Mordekaiser, 3.0, 2.0, 1.0, 3.0, 12.0, 8.0, 14.0, 1.0, 2.0, 27838.0, 36697.0, 25489.0, 0.0, 40.0, 7.0, 34948.0, 482.0, 158.0, 0.0, 5531.0
Twisted Fate, 2.0, 1.0, 1.0, 0.0, 7.0, 4.0, 10.0, 0.0, 1.0, 31825.0, 24145.0, 5144.0, 358.0, 22.0, 5.0, 21231.0, 377.0, 7.0, 0.0, 3327.0
Azir, 4.0, 2.0, 2.0, 1.0, 23.0, 17.0, 17.0, 0.0, 4.0, 78407.0, 64835.0, 8802.0, 0.0, 55.0, 11.0, 48789.0, 824.0, 48.0, 8.0, 7785.0
Kennen, 2.0, 2.0, 0.0, 7.0, 22.0, 4.0, 19.0, 0.0, 3.0, 61625.0, 33300.0, 7203.0, 0.0, 22.0, 8.0, 33025.0, 551.0, 20.0, 0.0, 4366.0
Riven, 1.0, 1.0, 0.0, 0.0, 3.0, 2.0, 11.0, 0.0, 1.0, 15046.0, 16598.0, 2662.0, 0.0, 16.0, 2.0, 12151.0, 172.0, 29.0, 11.0, 2030.0
Poppy, 9.0, 2.0, 7.0, 6.0, 27.0, 33.0, 47.0, 1.0, 5.0, 136930.0, 221878.0, 27280.0, 0.0, 124.0, 36.0, 101488.0, 1757.0, 40.0, 0.0, 19372.0
Taliyah, 7.0, 3.0, 4.0, 5.0, 41.0, 16.0, 51.0, 1.0, 8.0, 151557.0, 94603.0, 11868.0, 0.0, 87.0, 8.0, 82749.0, 1315.0, 149.0, 4.0, 12677.0
Cho'Gath, 2.0, 1.0, 1.0, 1.0, 10.0, 13.0, 14.0, 1.0, 2.0, 39575.0, 102738.0, 25469.0, 0.0, 43.0, 6.0, 38092.0, 678.0, 13.0, 3.0, 6226.0
Illaoi, 6.0, 2.0, 4.0, 3.0, 9.0, 23.0, 20.0, 0.0, 2.0, 86987.0, 140723.0, 27467.0, 0.0, 79.0, 17.0, 68755.0, 1363.0, 35.0, 0.0, 11679.0
Alistar, 7.0, 3.0, 4.0, 1.0, 4.0, 24.0, 63.0, 0.0, 1.0, 36491.0, 157792.0, 67356.0, 0.0, 174.0, 58.0, 66592.0, 317.0, 2.0, 0.0, 15339.0
Lucian, 8.0, 2.0, 6.0, 0.0, 25.0, 32.0, 31.0, 0.0, 3.0, 89199.0, 118044.0, 19822.0, 932.0, 88.0, 15.0, 88779.0, 1699.0, 28.0, 0.0, 14918.0
Volibear, 2.0, 2.0, 0.0, 0.0, 27.0, 6.0, 14.0, 2.0, 5.0, 45030.0, 59159.0, 8037.0, 0.0, 15.0, 4.0, 30687.0, 294.0, 78.0, 27.0, 3874.0
Sejuani, 3.0, 2.0, 1.0, 0.0, 3.0, 13.0, 32.0, 0.0, 1.0, 24420.0, 98238.0, 28031.0, 0.0, 48.0, 14.0, 33247.0, 117.0, 379.0, 28.0, 6403.0
Garen, 2.0, 2.0, 0.0, 3.0, 12.0, 4.0, 19.0, 0.0, 3.0, 42119.0, 53489.0, 6104.0, 0.0, 37.0, 8.0, 30083.0, 480.0, 14.0, 0.0, 4586.0
Leona, 5.0, 3.0, 2.0, 0.0, 3.0, 23.0, 68.0, 1.0, 0.0, 33285.0, 95568.0, 12698.0, 174.0, 98.0, 16.0, 42395.0, 162.0, 1.0, 0.0, 9031.0
Zed, 5.0, 2.0, 3.0, 3.0, 33.0, 15.0, 27.0, 2.0, 4.0, 93944.0, 84091.0, 10761.0, 0.0, 82.0, 13.0, 60704.0, 1020.0, 43.0, 0.0, 9999.0
Blitzcrank, 3.0, 2.0, 1.0, 2.0, 1.0, 9.0, 31.0, 0.0, 0.0, 23711.0, 56507.0, 9062.0, 0.0, 64.0, 10.0, 28279.0, 103.0, 3.0, 2.0, 6209.0
Caitlyn, 27.0, 12.0, 15.0, 2.0, 98.0, 77.0, 154.0, 2.0, 20.0, 510653.0, 367344.0, 72906.0, 2532.0, 276.0, 74.0, 321759.0, 6006.0, 255.0, 0.0, 54924.0
Trundle, 5.0, 3.0, 2.0, 4.0, 31.0, 16.0, 45.0, 0.0, 6.0, 114380.0, 219204.0, 86490.0, 135.0, 112.0, 25.0, 73680.0, 1121.0, 63.0, 3.0, 12338.0
Kindred, 0.0, 0.0, 0.0, 1.0, 0.0, 0.0, 0.0, 0.0, 0.0, 0.0, 0.0, 0.0, 0.0, 0.0, 0.0, 0.0, 0.0, 0.0, 0.0, 0.0
Jarvan IV, 1.0, 1.0, 0.0, 0.0, 5.0, 5.0, 12.0, 0.0, 1.0, 6189.0, 19249.0, 5516.0, 0.0, 7.0, 0.0, 10677.0, 17.0, 71.0, 32.0, 1639.0
Master Yi, 0.0, 0.0, 0.0, 1.0, 0.0, 0.0, 0.0, 0.0, 0.0, 0.0, 0.0, 0.0, 0.0, 0.0, 0.0, 0.0, 0.0, 0.0, 0.0, 0.0
Quinn, 2.0, 0.0, 2.0, 2.0, 3.0, 14.0, 2.0, 0.0, 0.0, 20636.0, 32386.0, 794.0, 0.0, 18.0, 1.0, 15091.0, 287.0, 1.0, 0.0, 3468.0
Ekko, 7.0, 2.0, 5.0, 4.0, 32.0, 38.0, 31.0, 0.0, 10.0, 130126.0, 146709.0, 34753.0, 0.0, 91.0, 10.0, 79923.0, 1232.0, 94.0, 3.0, 13796.0
Nami, 10.0, 3.0, 7.0, 0.0, 4.0, 37.0, 94.0, 0.0, 0.0, 66498.0, 154166.0, 105612.0, 0.0, 219.0, 66.0, 89991.0, 154.0, 3.0, 0.0, 21074.0
Taric, 8.0, 4.0, 4.0, 2.0, 8.0, 28.0, 92.0, 1.0, 1.0, 33161.0, 146718.0, 61272.0, 157.0, 150.0, 30.0, 73547.0, 336.0, 2.0, 0.0, 16279.0
Syndra, 11.0, 4.0, 7.0, 12.0, 66.0, 62.0, 44.0, 3.0, 16.0, 211001.0, 164817.0, 16119.0, 0.0, 123.0, 27.0, 130408.0, 2226.0, 86.0, 0.0, 21434.0
Skarner, 1.0, 0.0, 1.0, 0.0, 2.0, 5.0, 2.0, 0.0, 0.0, 4714.0, 27560.0, 8090.0, 0.0, 6.0, 6.0, 9720.0, 37.0, 84.0, 30.0, 1953.0
Braum, 11.0, 8.0, 3.0, 3.0, 11.0, 33.0, 176.0, 0.0, 1.0, 76933.0, 283529.0, 69238.0, 0.0, 295.0, 71.0, 117145.0, 531.0, 4.0, 0.0, 24632.0
Veigar, 5.0, 3.0, 2.0, 4.0, 44.0, 25.0, 20.0, 1.0, 7.0, 124824.0, 77320.0, 10596.0, 0.0, 70.0, 8.0, 70564.0, 1172.0, 50.0, 0.0, 10766.0
Corki, 3.0, 0.0, 3.0, 2.0, 14.0, 22.0, 15.0, 0.0, 3.0, 61873.0, 63676.0, 4099.0, 86.0, 37.0, 5.0, 31796.0, 540.0, 12.0, 0.0, 5754.0
Nautilus, 41.0, 22.0, 19.0, 9.0, 90.0, 146.0, 372.0, 2.0, 17.0, 445702.0, 881817.0, 112009.0, 0.0, 672.0, 148.0, 436440.0, 5097.0, 325.0, 0.0, 83803.0
Ahri, 16.0, 13.0, 3.0, 20.0, 127.0, 43.0, 149.0, 1.0, 29.0, 383054.0, 255231.0, 75916.0, 0.0, 242.0, 45.0, 231743.0, 3577.0, 144.0, 2.0, 34973.0
Rek'Sai, 8.0, 2.0, 6.0, 1.0, 18.0, 39.0, 52.0, 0.0, 4.0, 64526.0, 267929.0, 98603.0, 0.0, 104.0, 24.0, 83362.0, 385.0, 763.0, 16.0, 16900.0
Jayce, 8.0, 1.0, 7.0, 3.0, 39.0, 52.0, 26.0, 2.0, 9.0, 148586.0, 168731.0, 10188.0, 322.0, 84.0, 15.0, 92845.0, 1670.0, 35.0, 0.0, 16143.0
Darius, 10.0, 9.0, 1.0, 17.0, 63.0, 37.0, 59.0, 2.0, 15.0, 182605.0, 260600.0, 42258.0, 524.0, 146.0, 33.0, 134837.0, 2220.0, 71.0, 1.0, 20355.0
Janna, 4.0, 2.0, 2.0, 0.0, 1.0, 11.0, 53.0, 0.0, 0.0, 15660.0, 56283.0, 38651.0, 0.0, 97.0, 24.0, 38803.0, 91.0, 2.0, 0.0, 8300.0
Elise, 3.0, 1.0, 2.0, 4.0, 12.0, 15.0, 28.0, 0.0, 3.0, 39342.0, 77399.0, 22439.0, 0.0, 44.0, 11.0, 34539.0, 98.0, 277.0, 0.0, 6779.0
Vayne, 2.0, 1.0, 1.0, 0.0, 9.0, 10.0, 16.0, 0.0, 1.0, 30532.0, 40415.0, 7646.0, 911.0, 24.0, 3.0, 23413.0, 336.0, 28.0, 11.0, 3874.0
Brand, 2.0, 1.0, 1.0, 1.0, 8.0, 12.0, 11.0, 1.0, 1.0, 40371.0, 29804.0, 4177.0, 0.0, 21.0, 6.0, 21523.0, 336.0, 20.0, 0.0, 3675.0
Graves, 21.0, 14.0, 7.0, 12.0, 91.0, 79.0, 150.0, 1.0, 25.0, 270573.0, 446995.0, 148904.0, 1584.0, 258.0, 91.0, 250661.0, 1405.0, 2480.0, 39.0, 41315.0
null, 0.0, 0.0, 0.0, 1.0, 0.0, 0.0, 0.0, 0.0, 0.0, 0.0, 0.0, 0.0, 0.0, 0.0, 0.0, 0.0, 0.0, 0.0, 0.0, 0.0
LeBlanc, 1.0, 0.0, 1.0, 8.0, 1.0, 7.0, 0.0, 0.0, 0.0, 5370.0, 14602.0, 1428.0, 362.0, 9.0, 2.0, 6348.0, 91.0, 1.0, 0.0, 1632.0
Karthus, 1.0, 0.0, 1.0, 0.0, 6.0, 5.0, 2.0, 0.0, 2.0, 19561.0, 11264.0, 2225.0, 590.0, 8.0, 1.0, 11914.0, 243.0, 9.0, 1.0, 1739.0
Vladimir, 2.0, 2.0, 0.0, 2.0, 14.0, 12.0, 19.0, 0.0, 4.0, 54253.0, 63411.0, 50041.0, 686.0, 29.0, 6.0, 26887.0, 376.0, 20.0, 1.0, 4167.0
Aurelion Sol, 2.0, 1.0, 1.0, 0.0, 11.0, 5.0, 7.0, 0.0, 2.0, 48168.0, 43123.0, 9699.0, 0.0, 31.0, 5.0, 27343.0, 473.0, 7.0, 5.0, 4668.0
Zilean, 7.0, 2.0, 5.0, 1.0, 25.0, 22.0, 66.0, 0.0, 7.0, 135073.0, 120153.0, 73021.0, 0.0, 108.0, 13.0, 80075.0, 1051.0, 56.0, 0.0, 14938.0
Katarina, 0.0, 0.0, 0.0, 1.0, 0.0, 0.0, 0.0, 0.0, 0.0, 0.0, 0.0, 0.0, 0.0, 0.0, 0.0, 0.0, 0.0, 0.0, 0.0, 0.0
Shyvana, 2.0, 0.0, 2.0, 0.0, 4.0, 13.0, 9.0, 1.0, 0.0, 22290.0, 77836.0, 15983.0, 0.0, 25.0, 8.0, 20228.0, 90.0, 259.0, 55.0, 3999.0
Warwick, 9.0, 3.0, 6.0, 3.0, 40.0, 55.0, 51.0, 2.0, 10.0, 88376.0, 296928.0, 127015.0, 0.0, 79.0, 32.0, 92999.0, 309.0, 992.0, 0.0, 17043.0
Ziggs, 4.0, 1.0, 3.0, 4.0, 23.0, 17.0, 17.0, 0.0, 5.0, 129926.0, 62647.0, 7328.0, 0.0, 59.0, 9.0, 52750.0, 924.0, 28.0, 0.0, 8583.0
Kled, 9.0, 5.0, 4.0, 11.0, 43.0, 26.0, 72.0, 1.0, 10.0, 130198.0, 264217.0, 18757.0, 0.0, 108.0, 13.0, 108189.0, 1753.0, 99.0, 4.0, 17858.0
Olaf, 4.0, 0.0, 4.0, 2.0, 6.0, 20.0, 5.0, 0.0, 1.0, 44590.0, 106616.0, 15465.0, 0.0, 43.0, 4.0, 32962.0, 462.0, 136.0, 0.0, 6890.0
Xin Zhao, 1.0, 1.0, 0.0, 1.0, 19.0, 10.0, 6.0, 0.0, 6.0, 36364.0, 36997.0, 7176.0, 623.0, 10.0, 1.0, 16554.0, 191.0, 1.0, 0.0, 1789.0
Nunu, 2.0, 2.0, 0.0, 0.0, 3.0, 8.0, 26.0, 0.0, 0.0, 19321.0, 125830.0, 61455.0, 0.0, 34.0, 18.0, 32712.0, 95.0, 455.0, 91.0, 5180.0
Rengar, 9.0, 7.0, 2.0, 12.0, 42.0, 29.0, 67.0, 2.0, 11.0, 106591.0, 240870.0, 93757.0, 348.0, 147.0, 34.0, 107855.0, 442.0, 1136.0, 0.0, 17389.0
Bard, 1.0, 0.0, 1.0, 0.0, 4.0, 7.0, 13.0, 0.0, 1.0, 10765.0, 14546.0, 3262.0, 0.0, 5.0, 1.0, 8322.0, 87.0, 0.0, 0.0, 1639.0
Ivern, 8.0, 5.0, 3.0, 6.0, 22.0, 23.0, 84.0, 1.0, 4.0, 64262.0, 130696.0, 61443.0, 0.0, 57.0, 32.0, 88506.0, 129.0, 730.0, 12.0, 15805.0
Irelia, 0.0, 0.0, 0.0, 2.0, 0.0, 0.0, 0.0, 0.0, 0.0, 0.0, 0.0, 0.0, 0.0, 0.0, 0.0, 0.0, 0.0, 0.0, 0.0, 0.0
Ashe, 12.0, 5.0, 7.0, 1.0, 45.0, 50.0, 87.0, 1.0, 9.0, 164137.0, 160027.0, 27607.0, 728.0, 103.0, 32.0, 138508.0, 2331.0, 116.0, 0.0, 24388.0
Kalista, 1.0, 1.0, 0.0, 0.0, 3.0, 2.0, 9.0, 0.0, 0.0, 6701.0, 9894.0, 1505.0, 497.0, 5.0, 2.0, 11585.0, 187.0, 1.0, 1.0, 1677.0
Vi, 13.0, 4.0, 9.0, 8.0, 38.0, 81.0, 65.0, 1.0, 6.0, 124777.0, 356494.0, 95057.0, 204.0, 149.0, 45.0, 138317.0, 492.0, 1681.0, 29.0, 26478.0
Lee Sin, 14.0, 7.0, 7.0, 16.0, 60.0, 86.0, 90.0, 2.0, 16.0, 136737.0, 470411.0, 126059.0, 103.0, 332.0, 71.0, 157713.0, 445.0, 1519.0, 0.0, 30050.0
Lulu, 12.0, 4.0, 8.0, 2.0, 4.0, 38.0, 84.0, 0.0, 1.0, 50869.0, 138782.0, 30647.0, 0.0, 230.0, 56.0, 90427.0, 310.0, 4.0, 0.0, 22609.0
Amumu, 1.0, 1.0, 0.0, 0.0, 2.0, 2.0, 14.0, 0.0, 1.0, 15501.0, 27980.0, 11229.0, 0.0, 15.0, 5.0, 13265.0, 38.0, 103.0, 26.0, 2460.0
Morgana, 10.0, 8.0, 2.0, 1.0, 17.0, 27.0, 137.0, 1.0, 2.0, 104511.0, 124815.0, 27815.0, 92.0, 210.0, 71.0, 101696.0, 362.0, 9.0, 0.0, 19580.0
Nocturne, 0.0, 0.0, 0.0, 1.0, 0.0, 0.0, 0.0, 0.0, 0.0, 0.0, 0.0, 0.0, 0.0, 0.0, 0.0, 0.0, 0.0, 0.0, 0.0, 0.0
Diana, 1.0, 0.0, 1.0, 0.0, 5.0, 12.0, 1.0, 0.0, 0.0, 11903.0, 27049.0, 4592.0, 0.0, 6.0, 1.0, 8867.0, 15.0, 76.0, 24.0, 1844.0
Zyra, 9.0, 3.0, 6.0, 3.0, 12.0, 49.0, 75.0, 0.0, 1.0, 158023.0, 152490.0, 25762.0, 0.0, 274.0, 47.0, 93143.0, 279.0, 4.0, 0.0, 20914.0
Viktor, 9.0, 4.0, 5.0, 4.0, 58.0, 35.0, 35.0, 1.0, 13.0, 202397.0, 141426.0, 16360.0, 0.0, 107.0, 12.0, 113622.0, 2026.0, 76.0, 0.0, 18202.0
Miss Fortune, 16.0, 10.0, 6.0, 3.0, 67.0, 35.0, 99.0, 0.0, 18.0, 269875.0, 184544.0, 44530.0, 983.0, 187.0, 43.0, 187617.0, 2958.0, 69.0, 0.0, 31541.0
Cassiopeia, 9.0, 3.0, 6.0, 6.0, 44.0, 36.0, 57.0, 0.0, 9.0, 159444.0, 150209.0, 43470.0, 0.0, 123.0, 20.0, 107994.0, 1803.0, 95.0, 0.0, 18621.0
Twitch, 9.0, 4.0, 5.0, 3.0, 51.0, 31.0, 46.0, 1.0, 11.0, 142266.0, 139833.0, 25365.0, 978.0, 91.0, 29.0, 112573.0, 1922.0, 52.0, 1.0, 18202.0
Nasus, 2.0, 2.0, 0.0, 4.0, 8.0, 5.0, 11.0, 1.0, 2.0, 35033.0, 49975.0, 952.0, 281.0, 27.0, 8.0, 25745.0, 387.0, 22.0, 15.0, 3536.0
Orianna, 30.0, 18.0, 12.0, 21.0, 132.0, 100.0, 275.0, 2.0, 27.0, 568596.0, 413502.0, 58045.0, 0.0, 397.0, 69.0, 388627.0, 6559.0, 322.0, 1.0, 64195.0
Evelynn, 1.0, 1.0, 0.0, 2.0, 2.0, 5.0, 10.0, 0.0, 1.0, 13561.0, 25896.0, 8356.0, 0.0, 11.0, 3.0, 11752.0, 16.0, 123.0, 0.0, 2209.0
Lux, 5.0, 2.0, 3.0, 10.0, 36.0, 22.0, 28.0, 3.0, 6.0, 111352.0, 62328.0, 4506.0, 0.0, 71.0, 6.0, 58150.0, 901.0, 14.0, 0.0, 10023.0
Sion, 3.0, 1.0, 2.0, 0.0, 12.0, 11.0, 16.0, 1.0, 2.0, 40098.0, 75092.0, 28970.0, 0.0, 26.0, 4.0, 30922.0, 509.0, 13.0, 0.0, 5374.0
Camille, 2.0, 0.0, 2.0, 11.0, 10.0, 16.0, 7.0, 0.0, 2.0, 25458.0, 46399.0, 4380.0, 0.0, 16.0, 3.0, 17972.0, 228.0, 4.0, 0.0, 3559.0
Ryze, 7.0, 4.0, 3.0, 17.0, 26.0, 22.0, 35.0, 2.0, 9.0, 101842.0, 112133.0, 24386.0, 1130.0, 104.0, 20.0, 78906.0, 1333.0, 133.0, 0.0, 13581.0
Malphite, 6.0, 2.0, 4.0, 1.0, 14.0, 23.0, 27.0, 0.0, 3.0, 73683.0, 91652.0, 10184.0, 0.0, 72.0, 10.0, 65392.0, 1144.0, 9.0, 0.0, 12099.0
Anivia, 4.0, 4.0, 0.0, 4.0, 25.0, 5.0, 34.0, 1.0, 7.0, 116707.0, 80521.0, 38519.0, 1394.0, 45.0, 2.0, 52576.0, 836.0, 25.0, 6.0, 8068.0
Shen, 7.0, 2.0, 5.0, 2.0, 20.0, 26.0, 54.0, 2.0, 5.0, 71268.0, 163773.0, 13073.0, 0.0, 84.0, 8.0, 69959.0, 1175.0, 2.0, 0.0, 13533.0
Malzahar, 6.0, 1.0, 5.0, 6.0, 18.0, 28.0, 22.0, 0.0, 4.0, 81089.0, 76371.0, 7842.0, 0.0, 102.0, 21.0, 56352.0, 540.0, 11.0, 0.0, 11652.0
Zac, 10.0, 1.0, 9.0, 5.0, 17.0, 51.0, 52.0, 1.0, 4.0, 96037.0, 363424.0, 229512.0, 0.0, 128.0, 47.0, 92060.0, 401.0, 789.0, 27.0, 20003.0
