Jarvan IV, 1.0, 0.0, 1.0, 1.0, 4.0, 4.0, 9.0, 0.0, 1.0, 10273.0, 30012.0, 7141.0, 337.0, 19.0, 13.0, 12198.0, 44.0, 92.0, 21.0, 2199.0
Kindred, 2.0, 0.0, 2.0, 1.0, 3.0, 12.0, 4.0, 0.0, 0.0, 25261.0, 43167.0, 16145.0, 201.0, 27.0, 16.0, 16383.0, 72.0, 179.0, 7.0, 3179.0
Jax, 2.0, 1.0, 1.0, 0.0, 4.0, 8.0, 6.0, 1.0, 0.0, 30375.0, 43916.0, 4603.0, 282.0, 26.0, 7.0, 26236.0, 541.0, 27.0, 13.0, 4110.0
Wukong, 2.0, 0.0, 2.0, 2.0, 11.0, 9.0, 8.0, 0.0, 3.0, 43994.0, 48349.0, 7323.0, 0.0, 24.0, 9.0, 25946.0, 418.0, 21.0, 0.0, 3992.0
Sona, 1.0, 0.0, 1.0, 0.0, 0.0, 6.0, 10.0, 0.0, 0.0, 8512.0, 19952.0, 13200.0, 0.0, 17.0, 3.0, 8519.0, 14.0, 0.0, 0.0, 2151.0
Ekko, 6.0, 4.0, 2.0, 2.0, 29.0, 15.0, 36.0, 0.0, 7.0, 89675.0, 120215.0, 19162.0, 0.0, 53.0, 8.0, 61305.0, 995.0, 33.0, 9.0, 9865.0
Nami, 12.0, 3.0, 9.0, 2.0, 7.0, 50.0, 97.0, 0.0, 0.0, 66004.0, 154570.0, 116833.0, 0.0, 340.0, 99.0, 97478.0, 159.0, 1.0, 0.0, 22643.0
Swain, 2.0, 0.0, 2.0, 0.0, 8.0, 12.0, 10.0, 0.0, 1.0, 35028.0, 59028.0, 18125.0, 0.0, 21.0, 4.0, 19517.0, 380.0, 0.0, 0.0, 3527.0
Varus, 2.0, 2.0, 0.0, 0.0, 16.0, 2.0, 13.0, 0.0, 3.0, 45468.0, 20570.0, 5203.0, 0.0, 14.0, 6.0, 26684.0, 433.0, 18.0, 9.0, 3562.0
Fiora, 1.0, 1.0, 0.0, 1.0, 5.0, 1.0, 4.0, 0.0, 1.0, 14103.0, 14783.0, 5187.0, 716.0, 9.0, 4.0, 12762.0, 217.0, 7.0, 5.0, 1729.0
Taric, 2.0, 2.0, 0.0, 0.0, 2.0, 8.0, 33.0, 0.0, 1.0, 11378.0, 67056.0, 38841.0, 0.0, 104.0, 30.0, 30229.0, 216.0, 0.0, 0.0, 5854.0
Syndra, 16.0, 10.0, 6.0, 13.0, 78.0, 67.0, 93.0, 2.0, 22.0, 354083.0, 247328.0, 33624.0, 0.0, 207.0, 50.0, 207520.0, 3722.0, 345.0, 0.0, 31661.0
Thresh, 5.0, 4.0, 1.0, 4.0, 9.0, 20.0, 63.0, 2.0, 2.0, 27934.0, 68263.0, 6843.0, 0.0, 116.0, 25.0, 39273.0, 103.0, 0.0, 0.0, 7888.0
Skarner, 2.0, 2.0, 0.0, 0.0, 4.0, 7.0, 33.0, 0.0, 1.0, 32548.0, 111264.0, 34630.0, 0.0, 11.0, 26.0, 36665.0, 238.0, 217.0, 11.0, 6225.0
Karma, 14.0, 4.0, 10.0, 7.0, 22.0, 56.0, 128.0, 0.0, 3.0, 181015.0, 203119.0, 26503.0, 0.0, 353.0, 107.0, 138185.0, 964.0, 54.0, 8.0, 28605.0
Braum, 15.0, 10.0, 5.0, 0.0, 15.0, 54.0, 190.0, 0.0, 2.0, 88059.0, 335267.0, 50750.0, 0.0, 476.0, 107.0, 134279.0, 552.0, 4.0, 1.0, 28711.0
Jhin, 12.0, 7.0, 5.0, 3.0, 66.0, 34.0, 87.0, 0.0, 18.0, 287703.0, 187911.0, 43180.0, 2197.0, 155.0, 43.0, 163450.0, 2700.0, 167.0, 0.0, 25682.0
Nautilus, 2.0, 2.0, 0.0, 0.0, 11.0, 0.0, 24.0, 1.0, 2.0, 31528.0, 29695.0, 6185.0, 0.0, 19.0, 7.0, 25337.0, 436.0, 2.0, 2.0, 3562.0
Rumble, 0.0, 0.0, 0.0, 4.0, 0.0, 0.0, 0.0, 0.0, 0.0, 0.0, 0.0, 0.0, 0.0, 0.0, 0.0, 0.0, 0.0, 0.0, 0.0, 0.0
Corki, 1.0, 0.0, 1.0, 0.0, 2.0, 6.0, 5.0, 0.0, 0.0, 18365.0, 20060.0, 1736.0, 86.0, 10.0, 2.0, 10796.0, 214.0, 3.0, 0.0, 2151.0
Ahri, 6.0, 1.0, 5.0, 3.0, 32.0, 25.0, 34.0, 2.0, 7.0, 155436.0, 128760.0, 32611.0, 0.0, 85.0, 22.0, 77999.0, 1359.0, 99.0, 1.0, 12994.0
Rek'Sai, 10.0, 6.0, 4.0, 4.0, 30.0, 45.0, 89.0, 2.0, 7.0, 129252.0, 427564.0, 181921.0, 276.0, 218.0, 116.0, 126630.0, 558.0, 1116.0, 9.0, 21459.0
Jayce, 6.0, 4.0, 2.0, 5.0, 43.0, 30.0, 55.0, 0.0, 14.0, 197817.0, 133659.0, 17127.0, 374.0, 94.0, 26.0, 97206.0, 1616.0, 126.0, 15.0, 14724.0
Yorick, 0.0, 0.0, 0.0, 1.0, 0.0, 0.0, 0.0, 0.0, 0.0, 0.0, 0.0, 0.0, 0.0, 0.0, 0.0, 0.0, 0.0, 0.0, 0.0, 0.0
Darius, 5.0, 2.0, 3.0, 4.0, 18.0, 31.0, 26.0, 1.0, 3.0, 82031.0, 145929.0, 26343.0, 0.0, 68.0, 12.0, 59624.0, 1081.0, 37.0, 4.0, 9518.0
Sivir, 8.0, 2.0, 6.0, 0.0, 31.0, 41.0, 48.0, 1.0, 6.0, 196775.0, 168040.0, 24685.0, 1584.0, 103.0, 52.0, 124416.0, 2337.0, 218.0, 0.0, 19313.0
Janna, 5.0, 1.0, 4.0, 3.0, 2.0, 24.0, 45.0, 0.0, 1.0, 19737.0, 75214.0, 20284.0, 0.0, 129.0, 31.0, 38603.0, 68.0, 0.0, 0.0, 9090.0
Elise, 10.0, 5.0, 5.0, 7.0, 38.0, 35.0, 77.0, 1.0, 9.0, 160480.0, 260264.0, 97745.0, 0.0, 170.0, 102.0, 122074.0, 498.0, 963.0, 0.0, 20474.0
Vayne, 1.0, 1.0, 0.0, 0.0, 10.0, 4.0, 4.0, 0.0, 3.0, 21651.0, 16375.0, 2393.0, 583.0, 6.0, 4.0, 13165.0, 176.0, 9.0, 0.0, 1694.0
Yasuo, 3.0, 1.0, 2.0, 3.0, 15.0, 15.0, 16.0, 0.0, 5.0, 38967.0, 64065.0, 6524.0, 618.0, 39.0, 16.0, 35993.0, 579.0, 58.0, 0.0, 5722.0
Graves, 7.0, 5.0, 2.0, 11.0, 46.0, 28.0, 41.0, 3.0, 11.0, 122404.0, 138653.0, 36941.0, 454.0, 57.0, 82.0, 87369.0, 448.0, 759.0, 0.0, 12687.0
null, 1.0, 0.0, 1.0, 0.0, 5.0, 8.0, 9.0, 0.0, 1.0, 20201.0, 33774.0, 10292.0, 533.0, 11.0, 7.0, 11191.0, 51.0, 74.0, 5.0, 2012.0
LeBlanc, 1.0, 0.0, 1.0, 2.0, 2.0, 5.0, 1.0, 0.0, 0.0, 18112.0, 17131.0, 2222.0, 0.0, 15.0, 2.0, 10415.0, 202.0, 11.0, 0.0, 2043.0
Karthus, 0.0, 0.0, 0.0, 2.0, 0.0, 0.0, 0.0, 0.0, 0.0, 0.0, 0.0, 0.0, 0.0, 0.0, 0.0, 0.0, 0.0, 0.0, 0.0, 0.0
Vladimir, 8.0, 4.0, 4.0, 2.0, 37.0, 24.0, 44.0, 1.0, 8.0, 177561.0, 317592.0, 284648.0, 987.0, 118.0, 39.0, 106219.0, 1867.0, 86.0, 8.0, 17011.0
Shaco, 1.0, 0.0, 1.0, 1.0, 1.0, 5.0, 0.0, 0.0, 0.0, 4214.0, 11364.0, 2137.0, 232.0, 4.0, 6.0, 5567.0, 41.0, 31.0, 0.0, 1304.0
Aurelion Sol, 1.0, 0.0, 1.0, 4.0, 0.0, 6.0, 3.0, 0.0, 0.0, 8991.0, 17291.0, 1521.0, 0.0, 10.0, 2.0, 6879.0, 140.0, 3.0, 0.0, 1493.0
Zilean, 0.0, 0.0, 0.0, 6.0, 0.0, 0.0, 0.0, 0.0, 0.0, 0.0, 0.0, 0.0, 0.0, 0.0, 0.0, 0.0, 0.0, 0.0, 0.0, 0.0
Tahm Kench, 8.0, 3.0, 5.0, 4.0, 20.0, 29.0, 62.0, 1.0, 2.0, 63004.0, 180015.0, 42459.0, 0.0, 169.0, 31.0, 75122.0, 788.0, 30.0, 0.0, 14848.0
Hecarim, 5.0, 1.0, 4.0, 4.0, 16.0, 23.0, 30.0, 0.0, 4.0, 48208.0, 155692.0, 43895.0, 0.0, 61.0, 42.0, 48183.0, 219.0, 379.0, 0.0, 8640.0
Warwick, 0.0, 0.0, 0.0, 1.0, 0.0, 0.0, 0.0, 0.0, 0.0, 0.0, 0.0, 0.0, 0.0, 0.0, 0.0, 0.0, 0.0, 0.0, 0.0, 0.0
Kled, 0.0, 0.0, 0.0, 1.0, 0.0, 0.0, 0.0, 0.0, 0.0, 0.0, 0.0, 0.0, 0.0, 0.0, 0.0, 0.0, 0.0, 0.0, 0.0, 0.0
Olaf, 8.0, 5.0, 3.0, 1.0, 42.0, 31.0, 43.0, 4.0, 11.0, 133038.0, 280004.0, 72029.0, 250.0, 144.0, 63.0, 99207.0, 891.0, 461.0, 19.0, 16053.0
Xin Zhao, 2.0, 1.0, 1.0, 1.0, 9.0, 15.0, 5.0, 0.0, 3.0, 30079.0, 50868.0, 10818.0, 1680.0, 23.0, 2.0, 24600.0, 401.0, 27.0, 12.0, 3598.0
Maokai, 4.0, 1.0, 3.0, 0.0, 6.0, 17.0, 21.0, 0.0, 2.0, 42849.0, 84377.0, 17815.0, 0.0, 42.0, 11.0, 40526.0, 762.0, 10.0, 0.0, 7875.0
Lissandra, 6.0, 3.0, 3.0, 0.0, 21.0, 31.0, 41.0, 0.0, 6.0, 87345.0, 104816.0, 17103.0, 0.0, 69.0, 15.0, 66120.0, 1090.0, 73.0, 0.0, 11058.0
Jinx, 5.0, 2.0, 3.0, 0.0, 25.0, 27.0, 32.0, 0.0, 5.0, 102120.0, 86496.0, 13079.0, 668.0, 58.0, 16.0, 61140.0, 1078.0, 83.0, 5.0, 9211.0
Nunu, 4.0, 1.0, 3.0, 3.0, 9.0, 13.0, 34.0, 0.0, 2.0, 43508.0, 199962.0, 80289.0, 92.0, 73.0, 35.0, 49424.0, 199.0, 505.0, 0.0, 8280.0
Bard, 4.0, 3.0, 1.0, 2.0, 9.0, 22.0, 50.0, 0.0, 1.0, 31322.0, 74417.0, 11325.0, 0.0, 113.0, 27.0, 35339.0, 45.0, 1.0, 0.0, 6938.0
Irelia, 3.0, 1.0, 2.0, 2.0, 11.0, 15.0, 9.0, 1.0, 1.0, 33285.0, 63407.0, 19147.0, 621.0, 29.0, 7.0, 33950.0, 647.0, 32.0, 0.0, 5616.0
Ivern, 1.0, 1.0, 0.0, 1.0, 4.0, 3.0, 18.0, 0.0, 1.0, 12854.0, 17344.0, 5129.0, 0.0, 0.0, 5.0, 13684.0, 20.0, 84.0, 0.0, 2151.0
Ashe, 2.0, 1.0, 1.0, 0.0, 15.0, 7.0, 11.0, 0.0, 3.0, 36455.0, 31307.0, 4393.0, 1680.0, 18.0, 8.0, 24471.0, 380.0, 41.0, 0.0, 3385.0
Kalista, 2.0, 2.0, 0.0, 0.0, 20.0, 8.0, 19.0, 0.0, 6.0, 49246.0, 41553.0, 9219.0, 448.0, 17.0, 6.0, 28402.0, 354.0, 57.0, 11.0, 3402.0
Vi, 4.0, 1.0, 3.0, 1.0, 19.0, 17.0, 18.0, 1.0, 3.0, 45666.0, 118484.0, 37550.0, 0.0, 30.0, 43.0, 54652.0, 216.0, 480.0, 5.0, 9196.0
Kha'Zix, 1.0, 0.0, 1.0, 4.0, 7.0, 8.0, 2.0, 0.0, 1.0, 21498.0, 30966.0, 9315.0, 0.0, 9.0, 9.0, 11286.0, 56.0, 83.0, 0.0, 1903.0
Gangplank, 2.0, 2.0, 0.0, 12.0, 7.0, 5.0, 19.0, 0.0, 2.0, 32686.0, 31755.0, 10480.0, 1099.0, 22.0, 3.0, 27671.0, 463.0, 0.0, 0.0, 3156.0
Amumu, 1.0, 0.0, 1.0, 0.0, 4.0, 12.0, 13.0, 0.0, 0.0, 7693.0, 27837.0, 2650.0, 0.0, 8.0, 2.0, 8904.0, 48.0, 36.0, 0.0, 1697.0
Lee Sin, 6.0, 3.0, 3.0, 1.0, 26.0, 14.0, 48.0, 0.0, 7.0, 66183.0, 141824.0, 36896.0, 552.0, 125.0, 36.0, 58052.0, 199.0, 418.0, 4.0, 10285.0
Gnar, 14.0, 6.0, 8.0, 2.0, 83.0, 61.0, 87.0, 2.0, 21.0, 281030.0, 375662.0, 42099.0, 691.0, 167.0, 37.0, 168215.0, 2658.0, 105.0, 0.0, 27732.0
Ezreal, 22.0, 7.0, 15.0, 3.0, 104.0, 86.0, 105.0, 2.0, 23.0, 493245.0, 346286.0, 52589.0, 385.0, 229.0, 71.0, 259264.0, 4439.0, 303.0, 0.0, 41103.0
Teemo, 0.0, 0.0, 0.0, 1.0, 0.0, 0.0, 0.0, 0.0, 0.0, 0.0, 0.0, 0.0, 0.0, 0.0, 0.0, 0.0, 0.0, 0.0, 0.0, 0.0
Annie, 1.0, 0.0, 1.0, 1.0, 2.0, 5.0, 3.0, 0.0, 0.0, 4419.0, 10405.0, 183.0, 0.0, 11.0, 4.0, 7363.0, 131.0, 3.0, 0.0, 1462.0
Twisted Fate, 3.0, 3.0, 0.0, 7.0, 15.0, 4.0, 20.0, 0.0, 4.0, 33637.0, 20370.0, 3026.0, 0.0, 23.0, 7.0, 28203.0, 352.0, 30.0, 0.0, 3762.0
Mordekaiser, 1.0, 1.0, 0.0, 0.0, 5.0, 6.0, 14.0, 0.0, 0.0, 21570.0, 13589.0, 5442.0, 0.0, 7.0, 0.0, 11506.0, 151.0, 12.0, 6.0, 1697.0
Azir, 3.0, 2.0, 1.0, 0.0, 14.0, 5.0, 24.0, 0.0, 3.0, 50324.0, 33111.0, 3607.0, 0.0, 30.0, 8.0, 28451.0, 465.0, 34.0, 4.0, 4333.0
Morgana, 4.0, 1.0, 3.0, 1.0, 3.0, 14.0, 55.0, 0.0, 0.0, 63394.0, 100359.0, 12231.0, 0.0, 178.0, 44.0, 49080.0, 118.0, 5.0, 1.0, 10174.0
Kennen, 2.0, 1.0, 1.0, 6.0, 9.0, 11.0, 7.0, 1.0, 1.0, 35848.0, 37923.0, 2908.0, 0.0, 27.0, 7.0, 26112.0, 482.0, 10.0, 0.0, 4236.0
Aatrox, 0.0, 0.0, 0.0, 1.0, 0.0, 0.0, 0.0, 0.0, 0.0, 0.0, 0.0, 0.0, 0.0, 0.0, 0.0, 0.0, 0.0, 0.0, 0.0, 0.0
Poppy, 6.0, 3.0, 3.0, 7.0, 21.0, 15.0, 37.0, 0.0, 5.0, 105476.0, 171061.0, 22594.0, 0.0, 102.0, 17.0, 82091.0, 1457.0, 46.0, 0.0, 13870.0
Zyra, 4.0, 3.0, 1.0, 1.0, 5.0, 11.0, 42.0, 0.0, 2.0, 61983.0, 57715.0, 9392.0, 0.0, 121.0, 36.0, 44168.0, 133.0, 11.0, 1.0, 8565.0
Miss Fortune, 3.0, 2.0, 1.0, 0.0, 18.0, 13.0, 19.0, 0.0, 5.0, 70875.0, 40969.0, 5963.0, 754.0, 33.0, 13.0, 38113.0, 601.0, 38.0, 6.0, 5554.0
Viktor, 6.0, 2.0, 4.0, 3.0, 24.0, 27.0, 39.0, 1.0, 5.0, 166221.0, 106142.0, 11588.0, 0.0, 84.0, 33.0, 78863.0, 1424.0, 88.0, 0.0, 13431.0
Cassiopeia, 4.0, 3.0, 1.0, 2.0, 26.0, 13.0, 18.0, 0.0, 5.0, 70495.0, 75233.0, 23078.0, 0.0, 62.0, 16.0, 56712.0, 964.0, 68.0, 0.0, 8263.0
Twitch, 3.0, 1.0, 2.0, 0.0, 10.0, 12.0, 12.0, 0.0, 3.0, 43765.0, 54331.0, 8076.0, 875.0, 36.0, 12.0, 36921.0, 684.0, 40.0, 4.0, 5989.0
Orianna, 6.0, 2.0, 4.0, 0.0, 29.0, 25.0, 54.0, 1.0, 7.0, 112781.0, 99394.0, 11629.0, 0.0, 77.0, 10.0, 71707.0, 1250.0, 62.0, 4.0, 11154.0
Alistar, 7.0, 4.0, 3.0, 1.0, 6.0, 22.0, 88.0, 0.0, 0.0, 33210.0, 149741.0, 51537.0, 0.0, 210.0, 44.0, 57728.0, 217.0, 6.0, 2.0, 12583.0
Lucian, 11.0, 6.0, 5.0, 1.0, 62.0, 46.0, 77.0, 1.0, 17.0, 225508.0, 193044.0, 30408.0, 827.0, 103.0, 28.0, 133773.0, 2219.0, 149.0, 3.0, 19802.0
Camille, 0.0, 0.0, 0.0, 1.0, 0.0, 0.0, 0.0, 0.0, 0.0, 0.0, 0.0, 0.0, 0.0, 0.0, 0.0, 0.0, 0.0, 0.0, 0.0, 0.0
Sejuani, 1.0, 0.0, 1.0, 0.0, 0.0, 8.0, 7.0, 0.0, 0.0, 7099.0, 39543.0, 8108.0, 0.0, 19.0, 8.0, 9518.0, 45.0, 83.0, 28.0, 2151.0
Nidalee, 5.0, 3.0, 2.0, 23.0, 27.0, 22.0, 41.0, 1.0, 7.0, 86136.0, 134659.0, 72253.0, 1539.0, 73.0, 41.0, 63711.0, 223.0, 609.0, 0.0, 9842.0
Ryze, 2.0, 2.0, 0.0, 4.0, 13.0, 5.0, 23.0, 0.0, 4.0, 29744.0, 36583.0, 11267.0, 1140.0, 21.0, 7.0, 24988.0, 258.0, 77.0, 10.0, 3518.0
Leona, 3.0, 2.0, 1.0, 0.0, 3.0, 13.0, 28.0, 0.0, 0.0, 14205.0, 58897.0, 8442.0, 0.0, 91.0, 27.0, 26726.0, 138.0, 1.0, 1.0, 6223.0
Malphite, 1.0, 1.0, 0.0, 0.0, 6.0, 1.0, 8.0, 0.0, 1.0, 19391.0, 18980.0, 6578.0, 137.0, 13.0, 1.0, 14244.0, 247.0, 6.0, 2.0, 2043.0
Anivia, 0.0, 0.0, 0.0, 1.0, 0.0, 0.0, 0.0, 0.0, 0.0, 0.0, 0.0, 0.0, 0.0, 0.0, 0.0, 0.0, 0.0, 0.0, 0.0, 0.0
Zed, 1.0, 0.0, 1.0, 1.0, 3.0, 4.0, 5.0, 0.0, 1.0, 17288.0, 17540.0, 1424.0, 0.0, 18.0, 6.0, 13048.0, 246.0, 13.0, 0.0, 2383.0
Shen, 5.0, 3.0, 2.0, 6.0, 18.0, 11.0, 54.0, 2.0, 4.0, 67487.0, 127498.0, 21693.0, 0.0, 64.0, 14.0, 60455.0, 914.0, 44.0, 0.0, 10094.0
Blitzcrank, 1.0, 1.0, 0.0, 0.0, 5.0, 8.0, 14.0, 0.0, 1.0, 12236.0, 18696.0, 600.0, 0.0, 12.0, 1.0, 10332.0, 10.0, 0.0, 0.0, 1697.0
Malzahar, 6.0, 4.0, 2.0, 3.0, 30.0, 28.0, 48.0, 0.0, 8.0, 195287.0, 104280.0, 11776.0, 0.0, 66.0, 23.0, 81910.0, 1312.0, 124.0, 0.0, 13229.0
Zac, 9.0, 5.0, 4.0, 6.0, 34.0, 29.0, 86.0, 1.0, 9.0, 102196.0, 282961.0, 226790.0, 0.0, 158.0, 42.0, 87414.0, 254.0, 599.0, 15.0, 15269.0
Caitlyn, 8.0, 7.0, 1.0, 8.0, 61.0, 26.0, 51.0, 3.0, 14.0, 202565.0, 123651.0, 21809.0, 2192.0, 90.0, 41.0, 118167.0, 1985.0, 148.0, 2.0, 15490.0
Trundle, 6.0, 4.0, 2.0, 0.0, 15.0, 14.0, 33.0, 0.0, 3.0, 73956.0, 168721.0, 66530.0, 346.0, 75.0, 17.0, 66067.0, 1188.0, 75.0, 0.0, 10487.0
