null, 0.0, 0.0, 0.0, 1.0, 0.0, 0.0, 0.0, 0.0, 0.0, 0.0, 0.0, 0.0, 0.0, 0.0, 0.0, 0.0, 0.0, 0.0, 0.0, 0.0
Kog'Maw, 2.0, 1.0, 1.0, 1.0, 7.0, 7.0, 14.0, 0.0, 1.0, 40417.0, 22885.0, 4112.0, 787.0, 20.0, 7.0, 20292.0, 371.0, 13.0, 2.0, 3356.0
Sona, 1.0, 1.0, 0.0, 0.0, 0.0, 1.0, 22.0, 0.0, 0.0, 15510.0, 13734.0, 16594.0, 0.0, 20.0, 5.0, 10976.0, 12.0, 2.0, 2.0, 2037.0
Varus, 20.0, 7.0, 13.0, 19.0, 104.0, 90.0, 155.0, 0.0, 24.0, 592536.0, 357224.0, 86710.0, 249.0, 329.0, 94.0, 278146.0, 4646.0, 166.0, 2.0, 47200.0
Fiora, 6.0, 0.0, 6.0, 14.0, 13.0, 23.0, 19.0, 1.0, 4.0, 67821.0, 139269.0, 27905.0, 688.0, 86.0, 19.0, 63285.0, 1350.0, 30.0, 0.0, 11416.0
Thresh, 21.0, 11.0, 10.0, 7.0, 25.0, 94.0, 250.0, 2.0, 3.0, 126811.0, 445716.0, 79791.0, 158.0, 733.0, 205.0, 201324.0, 735.0, 10.0, 0.0, 45792.0
Karma, 38.0, 22.0, 16.0, 8.0, 48.0, 139.0, 489.0, 3.0, 12.0, 372065.0, 576267.0, 168303.0, 0.0, 1246.0, 374.0, 388131.0, 1480.0, 65.0, 1.0, 81019.0
Jhin, 36.0, 24.0, 12.0, 24.0, 214.0, 110.0, 316.0, 8.0, 48.0, 788232.0, 489268.0, 109140.0, 2956.0, 441.0, 121.0, 489462.0, 7518.0, 358.0, 7.0, 76153.0
Rumble, 14.0, 9.0, 5.0, 3.0, 80.0, 67.0, 114.0, 0.0, 19.0, 360360.0, 316586.0, 38351.0, 0.0, 191.0, 41.0, 197378.0, 3227.0, 283.0, 2.0, 30911.0
Sivir, 8.0, 3.0, 5.0, 1.0, 40.0, 28.0, 70.0, 1.0, 10.0, 161405.0, 137419.0, 30246.0, 1034.0, 123.0, 41.0, 113043.0, 2042.0, 135.0, 1.0, 17548.0
Draven, 0.0, 0.0, 0.0, 2.0, 0.0, 0.0, 0.0, 0.0, 0.0, 0.0, 0.0, 0.0, 0.0, 0.0, 0.0, 0.0, 0.0, 0.0, 0.0, 0.0
Yasuo, 2.0, 0.0, 2.0, 0.0, 12.0, 16.0, 10.0, 1.0, 3.0, 40256.0, 44143.0, 7085.0, 1488.0, 28.0, 4.0, 23427.0, 268.0, 109.0, 40.0, 3873.0
Shaco, 0.0, 0.0, 0.0, 1.0, 0.0, 0.0, 0.0, 0.0, 0.0, 0.0, 0.0, 0.0, 0.0, 0.0, 0.0, 0.0, 0.0, 0.0, 0.0, 0.0
Renekton, 4.0, 4.0, 0.0, 1.0, 32.0, 8.0, 44.0, 0.0, 7.0, 97942.0, 181764.0, 50290.0, 0.0, 66.0, 22.0, 64046.0, 1056.0, 63.0, 0.0, 8987.0
Tahm Kench, 3.0, 1.0, 2.0, 0.0, 1.0, 11.0, 34.0, 0.0, 0.0, 20979.0, 80206.0, 29543.0, 0.0, 104.0, 30.0, 34570.0, 185.0, 0.0, 0.0, 7621.0
Hecarim, 9.0, 6.0, 3.0, 1.0, 33.0, 33.0, 62.0, 0.0, 8.0, 100266.0, 299709.0, 122875.0, 317.0, 130.0, 46.0, 101583.0, 414.0, 1191.0, 0.0, 17286.0
Fizz, 1.0, 1.0, 0.0, 0.0, 4.0, 4.0, 6.0, 0.0, 1.0, 16361.0, 29181.0, 5590.0, 272.0, 19.0, 6.0, 13249.0, 215.0, 2.0, 2.0, 2183.0
Maokai, 31.0, 19.0, 12.0, 7.0, 101.0, 140.0, 308.0, 3.0, 20.0, 481102.0, 1004759.0, 280807.0, 151.0, 366.0, 111.0, 373293.0, 6056.0, 146.0, 0.0, 64677.0
Lissandra, 1.0, 1.0, 0.0, 0.0, 3.0, 4.0, 16.0, 0.0, 1.0, 13693.0, 15611.0, 3242.0, 0.0, 17.0, 1.0, 11315.0, 156.0, 3.0, 1.0, 1669.0
Jinx, 6.0, 3.0, 3.0, 2.0, 48.0, 23.0, 42.0, 0.0, 9.0, 142831.0, 104294.0, 22713.0, 892.0, 79.0, 21.0, 91309.0, 1471.0, 122.0, 9.0, 13118.0
Galio, 6.0, 3.0, 3.0, 2.0, 16.0, 29.0, 53.0, 1.0, 4.0, 90854.0, 160440.0, 36282.0, 0.0, 118.0, 31.0, 68879.0, 921.0, 244.0, 0.0, 12250.0
Pantheon, 1.0, 1.0, 0.0, 0.0, 3.0, 4.0, 4.0, 0.0, 0.0, 14906.0, 12597.0, 812.0, 744.0, 7.0, 2.0, 9219.0, 143.0, 2.0, 2.0, 1532.0
Kha'Zix, 13.0, 5.0, 8.0, 35.0, 73.0, 58.0, 56.0, 1.0, 16.0, 163776.0, 350222.0, 145935.0, 0.0, 133.0, 81.0, 141603.0, 380.0, 1664.0, 0.0, 24429.0
Talon, 1.0, 1.0, 0.0, 3.0, 8.0, 7.0, 7.0, 0.0, 2.0, 21260.0, 25991.0, 3766.0, 725.0, 15.0, 7.0, 14617.0, 198.0, 62.0, 0.0, 2106.0
Gangplank, 10.0, 7.0, 3.0, 6.0, 51.0, 36.0, 80.0, 1.0, 12.0, 304542.0, 245320.0, 91704.0, 1514.0, 132.0, 27.0, 176199.0, 3038.0, 161.0, 0.0, 23143.0
Ezreal, 20.0, 10.0, 10.0, 3.0, 125.0, 77.0, 129.0, 1.0, 27.0, 483676.0, 347852.0, 70057.0, 501.0, 252.0, 83.0, 267200.0, 4193.0, 439.0, 3.0, 42106.0
Gnar, 4.0, 1.0, 3.0, 0.0, 16.0, 19.0, 15.0, 0.0, 4.0, 62600.0, 80415.0, 5819.0, 509.0, 37.0, 8.0, 40082.0, 683.0, 44.0, 0.0, 6881.0
Teemo, 1.0, 1.0, 0.0, 0.0, 4.0, 5.0, 9.0, 0.0, 1.0, 35762.0, 17630.0, 1164.0, 0.0, 12.0, 2.0, 13587.0, 214.0, 1.0, 1.0, 2085.0
Annie, 5.0, 3.0, 2.0, 1.0, 33.0, 21.0, 49.0, 0.0, 7.0, 124529.0, 90384.0, 14273.0, 256.0, 81.0, 32.0, 76472.0, 1131.0, 87.0, 1.0, 12714.0
Vel'Koz, 3.0, 1.0, 2.0, 1.0, 17.0, 10.0, 29.0, 1.0, 3.0, 98346.0, 56105.0, 12721.0, 0.0, 48.0, 10.0, 40633.0, 718.0, 19.0, 0.0, 6654.0
Azir, 1.0, 0.0, 1.0, 0.0, 0.0, 3.0, 7.0, 0.0, 0.0, 18571.0, 14069.0, 1555.0, 0.0, 11.0, 2.0, 11152.0, 235.0, 25.0, 0.0, 1795.0
Kennen, 1.0, 1.0, 0.0, 0.0, 6.0, 3.0, 8.0, 0.0, 1.0, 22061.0, 12378.0, 1556.0, 0.0, 18.0, 4.0, 15147.0, 245.0, 2.0, 0.0, 2334.0
Aatrox, 0.0, 0.0, 0.0, 2.0, 0.0, 0.0, 0.0, 0.0, 0.0, 0.0, 0.0, 0.0, 0.0, 0.0, 0.0, 0.0, 0.0, 0.0, 0.0, 0.0
Poppy, 12.0, 5.0, 7.0, 0.0, 27.0, 46.0, 59.0, 0.0, 7.0, 170699.0, 352035.0, 38734.0, 0.0, 143.0, 33.0, 132501.0, 2321.0, 71.0, 0.0, 23677.0
Taliyah, 6.0, 4.0, 2.0, 10.0, 46.0, 29.0, 41.0, 1.0, 8.0, 147717.0, 110443.0, 20336.0, 0.0, 90.0, 20.0, 83961.0, 1335.0, 48.0, 2.0, 12493.0
Illaoi, 6.0, 6.0, 0.0, 1.0, 30.0, 26.0, 28.0, 1.0, 9.0, 155289.0, 184921.0, 38453.0, 496.0, 63.0, 15.0, 80175.0, 1393.0, 28.0, 4.0, 11410.0
Alistar, 0.0, 0.0, 0.0, 1.0, 0.0, 0.0, 0.0, 0.0, 0.0, 0.0, 0.0, 0.0, 0.0, 0.0, 0.0, 0.0, 0.0, 0.0, 0.0, 0.0
Lucian, 7.0, 4.0, 3.0, 2.0, 36.0, 32.0, 40.0, 0.0, 5.0, 124541.0, 137897.0, 24838.0, 1032.0, 96.0, 33.0, 91149.0, 1556.0, 72.0, 0.0, 14672.0
Sejuani, 1.0, 0.0, 1.0, 0.0, 0.0, 4.0, 0.0, 0.0, 0.0, 3680.0, 24301.0, 7389.0, 0.0, 16.0, 8.0, 6951.0, 21.0, 98.0, 34.0, 1666.0
Nidalee, 8.0, 6.0, 2.0, 5.0, 54.0, 41.0, 66.0, 2.0, 12.0, 171044.0, 235743.0, 125925.0, 2101.0, 141.0, 55.0, 113277.0, 835.0, 879.0, 0.0, 17566.0
Zed, 1.0, 1.0, 0.0, 1.0, 9.0, 6.0, 10.0, 0.0, 3.0, 19448.0, 28263.0, 4706.0, 0.0, 19.0, 6.0, 19480.0, 305.0, 8.0, 0.0, 3058.0
Caitlyn, 31.0, 16.0, 15.0, 5.0, 165.0, 106.0, 210.0, 3.0, 39.0, 739054.0, 506103.0, 99802.0, 2422.0, 375.0, 156.0, 425763.0, 7435.0, 432.0, 0.0, 65147.0
Trundle, 1.0, 0.0, 1.0, 0.0, 2.0, 6.0, 3.0, 0.0, 0.0, 13238.0, 34111.0, 10433.0, 0.0, 10.0, 2.0, 11819.0, 225.0, 0.0, 0.0, 2223.0
Jarvan IV, 1.0, 0.0, 1.0, 0.0, 9.0, 9.0, 10.0, 1.0, 1.0, 22549.0, 36685.0, 2258.0, 0.0, 16.0, 3.0, 17458.0, 273.0, 19.0, 9.0, 2630.0
Kindred, 4.0, 3.0, 1.0, 2.0, 21.0, 11.0, 31.0, 2.0, 5.0, 64853.0, 97561.0, 48300.0, 432.0, 40.0, 28.0, 49902.0, 232.0, 514.0, 26.0, 8008.0
Ekko, 9.0, 5.0, 4.0, 2.0, 52.0, 42.0, 54.0, 0.0, 14.0, 144357.0, 221221.0, 51285.0, 0.0, 108.0, 23.0, 110049.0, 1789.0, 32.0, 0.0, 17148.0
Nami, 11.0, 5.0, 6.0, 0.0, 14.0, 39.0, 107.0, 0.0, 3.0, 73027.0, 178167.0, 170869.0, 0.0, 385.0, 130.0, 108276.0, 193.0, 0.0, 0.0, 24349.0
Swain, 2.0, 1.0, 1.0, 2.0, 10.0, 10.0, 13.0, 0.0, 2.0, 50206.0, 70141.0, 25169.0, 0.0, 30.0, 15.0, 25262.0, 473.0, 0.0, 0.0, 4196.0
Taric, 7.0, 0.0, 7.0, 0.0, 5.0, 31.0, 76.0, 0.0, 1.0, 32619.0, 173361.0, 60355.0, 0.0, 220.0, 68.0, 67746.0, 430.0, 3.0, 0.0, 15334.0
Syndra, 18.0, 8.0, 10.0, 11.0, 85.0, 63.0, 94.0, 2.0, 23.0, 370780.0, 255217.0, 35183.0, 0.0, 282.0, 62.0, 216692.0, 3784.0, 158.0, 0.0, 36378.0
Braum, 12.0, 4.0, 8.0, 0.0, 21.0, 50.0, 151.0, 1.0, 5.0, 78675.0, 289713.0, 73324.0, 0.0, 314.0, 94.0, 113783.0, 601.0, 11.0, 0.0, 24880.0
Xerath, 0.0, 0.0, 0.0, 1.0, 0.0, 0.0, 0.0, 0.0, 0.0, 0.0, 0.0, 0.0, 0.0, 0.0, 0.0, 0.0, 0.0, 0.0, 0.0, 0.0
Nautilus, 29.0, 14.0, 15.0, 7.0, 77.0, 125.0, 313.0, 3.0, 15.0, 451933.0, 825441.0, 93157.0, 0.0, 415.0, 88.0, 346109.0, 5340.0, 292.0, 8.0, 61663.0
Corki, 7.0, 2.0, 5.0, 4.0, 33.0, 37.0, 43.0, 1.0, 8.0, 139300.0, 126514.0, 15360.0, 683.0, 88.0, 20.0, 80466.0, 1306.0, 88.0, 1.0, 13445.0
Ahri, 12.0, 6.0, 6.0, 2.0, 64.0, 45.0, 96.0, 0.0, 15.0, 261180.0, 230484.0, 65078.0, 684.0, 239.0, 50.0, 165508.0, 2840.0, 89.0, 0.0, 27076.0
Rek'Sai, 12.0, 6.0, 6.0, 6.0, 43.0, 48.0, 111.0, 0.0, 12.0, 143577.0, 450299.0, 196858.0, 0.0, 239.0, 99.0, 140852.0, 548.0, 1684.0, 32.0, 24358.0
Jayce, 8.0, 6.0, 2.0, 14.0, 53.0, 25.0, 51.0, 1.0, 12.0, 205721.0, 165833.0, 26980.0, 0.0, 134.0, 55.0, 119069.0, 1937.0, 159.0, 0.0, 18334.0
Darius, 2.0, 0.0, 2.0, 2.0, 1.0, 14.0, 3.0, 0.0, 0.0, 13104.0, 49132.0, 4362.0, 0.0, 19.0, 1.0, 15709.0, 339.0, 4.0, 0.0, 3282.0
Janna, 3.0, 1.0, 2.0, 1.0, 2.0, 21.0, 30.0, 0.0, 0.0, 12181.0, 69947.0, 25410.0, 0.0, 107.0, 25.0, 29509.0, 58.0, 0.0, 0.0, 6769.0
Elise, 8.0, 1.0, 7.0, 7.0, 32.0, 47.0, 62.0, 3.0, 7.0, 125889.0, 277535.0, 91946.0, 0.0, 171.0, 82.0, 107591.0, 481.0, 1054.0, 0.0, 19971.0
Vayne, 2.0, 2.0, 0.0, 1.0, 18.0, 7.0, 19.0, 0.0, 4.0, 52554.0, 32164.0, 7606.0, 1086.0, 21.0, 4.0, 30343.0, 430.0, 21.0, 0.0, 3862.0
Brand, 7.0, 3.0, 4.0, 1.0, 37.0, 34.0, 60.0, 0.0, 12.0, 158901.0, 123654.0, 18777.0, 0.0, 202.0, 43.0, 83074.0, 469.0, 23.0, 1.0, 15202.0
Graves, 23.0, 11.0, 12.0, 40.0, 142.0, 109.0, 147.0, 4.0, 35.0, 454730.0, 597511.0, 184486.0, 716.0, 374.0, 173.0, 307081.0, 1867.0, 3360.0, 63.0, 49199.0
null, 1.0, 1.0, 0.0, 0.0, 0.0, 0.0, 10.0, 0.0, 0.0, 5804.0, 20392.0, 11757.0, 525.0, 14.0, 2.0, 8737.0, 38.0, 74.0, 20.0, 1540.0
LeBlanc, 10.0, 2.0, 8.0, 25.0, 74.0, 41.0, 50.0, 2.0, 19.0, 183121.0, 180766.0, 22133.0, 1141.0, 129.0, 42.0, 114242.0, 1691.0, 51.0, 0.0, 19011.0
Vladimir, 11.0, 4.0, 7.0, 4.0, 38.0, 43.0, 59.0, 0.0, 10.0, 219654.0, 330676.0, 274804.0, 1227.0, 163.0, 36.0, 142569.0, 2810.0, 219.0, 12.0, 23048.0
Aurelion Sol, 1.0, 1.0, 0.0, 0.0, 12.0, 6.0, 1.0, 0.0, 2.0, 28876.0, 23913.0, 3618.0, 0.0, 13.0, 3.0, 14866.0, 242.0, 7.0, 1.0, 2009.0
Zilean, 1.0, 0.0, 1.0, 2.0, 1.0, 3.0, 11.0, 0.0, 0.0, 16611.0, 24816.0, 19133.0, 0.0, 25.0, 6.0, 16629.0, 290.0, 26.0, 0.0, 3071.0
Warwick, 2.0, 0.0, 2.0, 1.0, 4.0, 18.0, 5.0, 0.0, 1.0, 13795.0, 64697.0, 26233.0, 0.0, 12.0, 8.0, 14556.0, 26.0, 263.0, 0.0, 3158.0
Ziggs, 5.0, 3.0, 2.0, 4.0, 23.0, 20.0, 47.0, 1.0, 6.0, 173920.0, 70889.0, 12712.0, 0.0, 67.0, 8.0, 71716.0, 1219.0, 31.0, 0.0, 11062.0
Kled, 3.0, 1.0, 2.0, 1.0, 14.0, 16.0, 23.0, 0.0, 3.0, 60439.0, 117865.0, 13265.0, 0.0, 37.0, 14.0, 38957.0, 651.0, 11.0, 0.0, 6694.0
Olaf, 4.0, 1.0, 3.0, 6.0, 21.0, 19.0, 27.0, 0.0, 5.0, 71692.0, 212419.0, 46209.0, 0.0, 84.0, 64.0, 54672.0, 482.0, 384.0, 0.0, 9721.0
Rengar, 16.0, 6.0, 10.0, 27.0, 78.0, 93.0, 109.0, 2.0, 23.0, 264781.0, 594983.0, 221864.0, 1305.0, 299.0, 127.0, 205541.0, 838.0, 2565.0, 0.0, 35626.0
Bard, 1.0, 1.0, 0.0, 0.0, 4.0, 2.0, 11.0, 1.0, 1.0, 13688.0, 17814.0, 10303.0, 0.0, 20.0, 2.0, 11974.0, 18.0, 0.0, 0.0, 2085.0
Ivern, 19.0, 9.0, 10.0, 14.0, 41.0, 60.0, 253.0, 4.0, 7.0, 172191.0, 368035.0, 202655.0, 0.0, 345.0, 112.0, 213533.0, 441.0, 1591.0, 0.0, 39932.0
Irelia, 2.0, 1.0, 1.0, 1.0, 12.0, 13.0, 18.0, 0.0, 3.0, 62436.0, 112555.0, 34210.0, 152.0, 28.0, 5.0, 38995.0, 697.0, 15.0, 2.0, 5807.0
Ashe, 24.0, 10.0, 14.0, 4.0, 90.0, 107.0, 189.0, 0.0, 22.0, 403699.0, 370702.0, 66593.0, 1016.0, 287.0, 101.0, 289432.0, 4627.0, 387.0, 4.0, 49364.0
Kalista, 4.0, 3.0, 1.0, 0.0, 33.0, 23.0, 38.0, 2.0, 8.0, 123397.0, 97375.0, 29493.0, 893.0, 63.0, 29.0, 67022.0, 1046.0, 90.0, 6.0, 9714.0
Akali, 0.0, 0.0, 0.0, 1.0, 0.0, 0.0, 0.0, 0.0, 0.0, 0.0, 0.0, 0.0, 0.0, 0.0, 0.0, 0.0, 0.0, 0.0, 0.0, 0.0
Vi, 7.0, 4.0, 3.0, 5.0, 47.0, 45.0, 63.0, 2.0, 11.0, 116123.0, 241888.0, 65395.0, 0.0, 117.0, 78.0, 101781.0, 297.0, 1132.0, 21.0, 16756.0
Lulu, 30.0, 16.0, 14.0, 13.0, 39.0, 107.0, 377.0, 1.0, 7.0, 203313.0, 459325.0, 140655.0, 0.0, 980.0, 283.0, 295929.0, 694.0, 8.0, 0.0, 61826.0
Lee Sin, 11.0, 5.0, 6.0, 5.0, 60.0, 50.0, 61.0, 3.0, 15.0, 152335.0, 378308.0, 108022.0, 0.0, 319.0, 64.0, 138521.0, 419.0, 1689.0, 29.0, 24538.0
Morgana, 4.0, 1.0, 3.0, 0.0, 10.0, 22.0, 27.0, 0.0, 3.0, 46012.0, 74533.0, 13977.0, 0.0, 134.0, 50.0, 39154.0, 112.0, 1.0, 1.0, 8417.0
Nocturne, 3.0, 1.0, 2.0, 0.0, 20.0, 12.0, 16.0, 0.0, 4.0, 50830.0, 106718.0, 33679.0, 856.0, 42.0, 21.0, 42030.0, 194.0, 432.0, 44.0, 7200.0
Zyra, 12.0, 7.0, 5.0, 8.0, 25.0, 63.0, 125.0, 1.0, 5.0, 244891.0, 202586.0, 27573.0, 0.0, 378.0, 129.0, 136801.0, 502.0, 28.0, 2.0, 26224.0
Viktor, 12.0, 8.0, 4.0, 10.0, 85.0, 49.0, 71.0, 4.0, 21.0, 282424.0, 181205.0, 21690.0, 0.0, 177.0, 37.0, 175796.0, 2997.0, 165.0, 4.0, 25605.0
Miss Fortune, 10.0, 2.0, 8.0, 0.0, 44.0, 61.0, 101.0, 0.0, 9.0, 242888.0, 207570.0, 32900.0, 1595.0, 226.0, 71.0, 125556.0, 1582.0, 69.0, 0.0, 22086.0
Cassiopeia, 5.0, 1.0, 4.0, 2.0, 38.0, 22.0, 25.0, 1.0, 8.0, 127986.0, 96615.0, 29231.0, 0.0, 75.0, 12.0, 71675.0, 1355.0, 50.0, 0.0, 10739.0
Nasus, 1.0, 1.0, 0.0, 0.0, 3.0, 8.0, 7.0, 0.0, 0.0, 30091.0, 30856.0, 404.0, 0.0, 14.0, 0.0, 13770.0, 244.0, 10.0, 3.0, 2231.0
Twitch, 2.0, 1.0, 1.0, 0.0, 9.0, 6.0, 16.0, 0.0, 2.0, 47707.0, 40428.0, 8090.0, 981.0, 30.0, 10.0, 29005.0, 470.0, 51.0, 20.0, 4584.0
Orianna, 25.0, 10.0, 15.0, 22.0, 131.0, 104.0, 227.0, 1.0, 29.0, 564112.0, 445787.0, 68650.0, 0.0, 354.0, 105.0, 357874.0, 5890.0, 511.0, 1.0, 57771.0
Lux, 0.0, 0.0, 0.0, 1.0, 0.0, 0.0, 0.0, 0.0, 0.0, 0.0, 0.0, 0.0, 0.0, 0.0, 0.0, 0.0, 0.0, 0.0, 0.0, 0.0
Sion, 3.0, 2.0, 1.0, 0.0, 13.0, 23.0, 39.0, 0.0, 3.0, 66252.0, 144021.0, 66536.0, 0.0, 53.0, 13.0, 43099.0, 609.0, 52.0, 16.0, 7324.0
Camille, 5.0, 3.0, 2.0, 23.0, 41.0, 29.0, 23.0, 1.0, 10.0, 109912.0, 162629.0, 28232.0, 0.0, 67.0, 19.0, 69344.0, 1007.0, 35.0, 1.0, 10711.0
Ryze, 5.0, 3.0, 2.0, 5.0, 28.0, 24.0, 34.0, 3.0, 9.0, 98621.0, 100962.0, 17835.0, 1319.0, 67.0, 21.0, 62180.0, 1083.0, 100.0, 0.0, 9030.0
Malphite, 1.0, 0.0, 1.0, 0.0, 0.0, 4.0, 2.0, 0.0, 0.0, 4962.0, 13636.0, 0.0, 0.0, 9.0, 2.0, 7260.0, 157.0, 0.0, 0.0, 1650.0
Anivia, 3.0, 1.0, 2.0, 0.0, 12.0, 9.0, 13.0, 0.0, 3.0, 43461.0, 70661.0, 28237.0, 737.0, 29.0, 8.0, 34085.0, 610.0, 13.0, 1.0, 5804.0
Shen, 20.0, 6.0, 14.0, 1.0, 48.0, 81.0, 174.0, 2.0, 8.0, 296495.0, 710843.0, 95890.0, 0.0, 309.0, 57.0, 264765.0, 4689.0, 140.0, 0.0, 47043.0
Malzahar, 14.0, 11.0, 3.0, 9.0, 51.0, 50.0, 124.0, 1.0, 11.0, 186855.0, 179130.0, 19916.0, 0.0, 382.0, 93.0, 153074.0, 956.0, 70.0, 0.0, 27464.0
Zac, 15.0, 12.0, 3.0, 7.0, 44.0, 40.0, 166.0, 0.0, 12.0, 193485.0, 615348.0, 515019.0, 164.0, 302.0, 103.0, 185258.0, 743.0, 1806.0, 15.0, 32979.0
